-7429.32
-7176.644
-7213.808
-7056.71
-7106.634
-7129.103
-7062.889
-7088.846
-7110.022
-6971.706
-7119.377
-6965.677
-7058.841
-6936.938
-6995.103
-6882.862
-6744.072
-6726.335
-6753.809
-6740.893
-6798.611
-6781.148
-6781.576
-6790.56
-6774.658
-6842.56
-6797.22
-6811.771
-6748.746
-6769.439
-6618.763
-6699.277
-6650.38
-6639.993
-6681.638
-6644.505
-6621.698
-6604.443
-6599.402
-6604.425
-6719.179
-6668.645
-6671.407
-6648.442
-6707.087
-6542.012
-6528.316
-6478.049
-6505.189
-6514.502
-6470.091
-6504.381
-6529.17
-6609.165
-6452.874
-6521.165
-6503.604
-6479.381
-6521.61
-6623.112
-6557.457
-6488.662
-6484.371
-6417.559
-6507.18
-6487.552
-6405.39
-6389.253
-6393.773
-6389.437
-6398.984
-6349.632
-6358.461
-6344.346
-6361.113
-6340.799
-6352.531
-6345.361
-6356.05
-6359.416
-6359.845
-6431.877
-6350.922
-6362.859
-6326.315
-6353.222
-6317.375
-6346.437
-6314.089
-6353.701
-6351.511
-6319.792
-6345.576
-6322.274
-6359.499
-6328.498
-6285.916
-6300.442
-6297.097
-6280.211
-6280.531
-6292.627
-6297.554
-6292.818
-6274.021
-6302.564
-6281.536
-6285.786
-6343.471
-6290.589
-6289.16
-6278.629
-6281.123
-6299.046
-6290.717
-6266.973
-6267.145
-6287.955
-6266.112
-6312.768
-6282.86
-6298.9
-6289.248
-6267.722
-6272.282
-6291.288
-6288.124
-6272.865
-6284.025
-6273.255
-6273.072
-6244.951
-6228.128
-6234.671
-6249.014
-6233.851
-6249.644
-6239.972
-6240.277
-6251.289
-6236.07
-6232.544
-6238.965
-6218.776
-6229.954
-6228.184
-6217.419
-6224.478
-6222.899
-6225.317
-6246.182
-6244.949
-6224.38
-6219.026
-6241.407
-6218.828
-6231.923
-6245.559
-6224.014
-6224.63
-6240.671
-6219.041
-6235.837
-6238.368
-6258.23
-6222.448
-6246.575
-6213.011
-6226.917
-6227.876
-6220.66
-6219.44
-6220.032
-6217.088
-6242.612
-6221.368
-6223.435
-6217.575
-6229.165
-6228.564
-6230.696
-6225.246
-6230.64
-6215.461
-6238.129
-6236.797
-6216.922
-6233.808
-6216.229
-6213.117
-6199.839
-6214.74
-6228.91
-6212.99
-6235.731
-6215.205
-6208.362
-6233.821
-6196.409
-6205.361
-6237.592
-6198.157
-6194.491
-6207.009
-6203.826
-6202.257
-6236.089
-6195.423
-6195.587
-6200.57
-6228.535
-6205.709
-6204.158
-6194.412
-6209.082
-6201.431
-6205.477
-6190.856
-6200.743
-6207.58
-6197.119
-6196.761
-6219.871
-6191.998
-6217.021
-6198.392
-6209.278
-6201.73
-6199.345
-6195.016
-6202.763
-6216.109
-6210.775
-6213.986
-6205.043
-6203.697
-6253.544
-6221.927
-6192.65
-6222.58
-6200.506
-6196.369
-6203.708
-6199.249
-6199.222
-6191.08
-6217.4
-6197.59
-6199.151
-6206.438
-6217.778
-6216.441
-6213.174
-6210.345
-6199.871
-6203.634
-6197.066
-6199.311
-6195.602
-6207.536
-6207.969
-6194.493
-6203.409
-6191.612
-6199.096
-6199.975
-6224.952
-6260.549
-6195.39
-6286.427
-6250.247
-6203.585
-6202.323
-6195.934
-6217.172
-6199.495
-6192.696
-6201.045
-6203.37
-6245.172
-6187.884
-6213.806
-6190.811
-6210.978
-6192.333
-6203.705
-6191.408
-6202.482
-6244.872
-6193.436
-6197.004
-6202.361
-6213.466
-6195.61
-6212.133
-6201.441
-6196.648
-6204.541
-6188.407
-6189.726
-6197.851
-6187.149
-6186.555
-6201.864
-6216.138
-6191.296
-6190.196
-6196.46
-6214.695
-6189.685
-6204.671
-6183.052
-6194.634
-6316.67
-6186.713
-6192.128
-6211.217
-6212.708
-6202.227
-6196.032
-6197.867
-6218.273
-6211.033
-6192.92
-6189.697
-6254.106
-6188.753
-6190.37
-6198.274
-6207.124
-6195.235
-6187.185
-6218.481
-6187.418
-6201.89
-6224.364
-6198.255
-6183.909
-6195.329
-6193.283
-6198.926
-6198.375
-6192.015
-6216.5
-6191.098
-6189.844
-6182.052
-6210.173
-6191.233
-6194.012
-6195.411
-6224.249
-6198.638
-6205.876
-6221.006
-6201.951
-6187.711
-6206.851
-6196.138
-6192.125
-6188.455
-6215.151
-6187.514
-6199.433
-6209.39
-6191.887
-6214.638
-6187.423
-6181.155
-6223.149
-6196.632
-6197.679
-6193.026
-6207.499
-6203.39
-6207.987
-6189.135
-6197.571
-6254.993
-6186.96
-6197.543
-6186.292
-6194.962
-6201.822
-6187.082
-6194.884
-6233.83
-6214.988
-6193.19
-6197.082
-6200.506
-6193.381
-6214.952
-6239.146
-6187.407
-6329.112
-6202.203
-6188.64
-6182.066
-6206.487
-6225.557
-6197.131
-6186.35
-6188.034
-6193.772
-6199.956
-6192.249
-6192.923
-6205.695
-6183.087
-6218.316
-6187.215
-6199.744
-6188.657
-6194.047
-6281.154
-6189.122
-6226.257
-6193.032
-6187.681
-6183.731
-6186.441
-6224.142
-6238.223
-6192.12
-6185.246
-6184.879
-6192.286
-6190.784
-6182.639
-6213.203
-6184.071
-6185.632
-6197.275
-6190.341
-6188.073
-6199.641
-6214.923
-6183.54
-6187.52
-6220.266
-6184.459
-6210.304
-6186.841
-6204.313
-6181.285
-6209.569
-6187.54
-6189.74
-6191.851
-6185.795
-6209.674
-6188.239
-6190.198
-6200.56
-6182.939
-6195.814
-6200.884
-6196.718
-6199.433
-6186.013
-6188.865
-6193.971
-6188.691
-6197.723
-6215.043
-6185.456
-6192.965
-6179.864
-6275.251
-6196.176
-6189.402
-6216.083
-6247.14
-6205.31
-6232.162
-6199.014
-6203.357
-6186.104
-6202.057
-6181.989
-6217.416
-6194.745
-6182.878
-6204.685
-6184.59
-6225.263
-6183.894
-6194.039
-6207.169
-6196.273
-6211.825
-6198.068
-6200.123
-6207.103
-6187.613
-6180.701
-6225.717
-6230.533
-6230.138
-6191.901
-6192.228
-6209.413
-6186.435
-6197.542
-6181.586
-6206.412
-6195.14
-6201.551
-6189.852
-6188.428
-6188.504
-6192.748
-6191.669
-6199.174
-6202.853
-6217.476
-6187.072
-6195.44
-6198.979
-6186.196
-6197.894
-6313.011
-6210.146
-6198.104
-6196.27
-6207.883
-6218.047
-6181.698
-6183.22
-6186.004
-6212.896
-6181.881
-6208.43
-6194.796
-6204.202
-6184.704
-6199.117
-6197.231
-6192.356
-6184.033
-6201.84
-6208.17
-6193.245
-6183.448
-6191.207
-6199.214
-6205.582
-6192.315
-6191.277
-6190.135
-6313.577
-6182.242
-6214.462
-6187.286
-6182.973
-6208.32
-6220.902
-6185.728
-6183.378
-6204.269
-6193.21
-6185.81
-6210.391
-6188.662
-6190.01
-6212.787
-6192.72
-6201.89
-6189.258
-6189.67
-6185.685
-6204.934
-6186.5
-6196.428
-6198.235
-6208.099
-6256.45
-6190.456
-6187.545
-6184.989
-6208.81
-6216.086
-6220.972
-6233.901
-6211.412
-6195.368
-6183.416
-6185.585
-6185.461
-6208.054
-6222.334
-6210.907
-6204.484
-6183.901
-6190.627
-6209.689
-6189.21
-6205.279
-6181.041
-6186.012
-6181.055
-6205.532
-6230.982
-6194.443
-6183.568
-6187.452
-6198.632
-6200.689
-6186.852
-6202.779
-6192.165
-6229.442
-6224.284
-6181.542
-6184.453
-6197.592
-6211.358
-6189.952
-6187.876
-6192.292
-6233.778
-6184.546
-6193.054
-6230.385
-6212.859
-6195.687
-6198.628
-6191.435
-6230.548
-6221.943
-6224.181
-6186.903
-6189.738
-6186.62
-6333.126
-6217.152
-6190.214
-6204.875
-6200.448
-6197.525
-6186.843
-6201.009
-6196.777
-6188.491
-6211.425
-6183.758
-6221.698
-6199.833
-6191.179
-6200.212
-6203.411
-6199.29
-6205.027
-6190.926
-6191.159
-6184.868
-6194.081
-6182.773
-6217.045
-6200.619
-6195.382
-6211.09
-6189.799
-6206.255
-6191.856
-6201.027
-6196.429
-6189.906
-6195.509
-6229.719
-6183.503
-6187.907
-6205.1
-6191.409
-6189.93
-6195.169
-6191.727
-6194.281
-6200.646
-6224.726
-6205.594
-6221.751
-6190.105
-6204.217
-6200.07
-6205.715
-6194.065
-6184.51
-6204.272
-6178.881
-6184.102
-6218.098
-6220.483
-6199.963
-6200.897
-6209.111
-6186.145
-6192.607
-6203.803
-6182.385
-6180.693
-6180.433
-6203.07
-6195.719
-6187.025
-6191.07
-6207.21
-6200.747
-6184.477
-6203.19
-6237.856
-6208.42
-6182.992
-6185.052
-6184.05
-6210.596
-6194.548
-6186.271
-6178.081
-6186.689
-6188.343
-6192.498
-6209.686
-6227.67
-6192.932
-6178.953
-6198.395
-6182.793
-6183.644
-6194.125
-6185.245
-6180.427
-6196.516
-6204.945
-6182.122
-6189.776
-6182.304
-6197.344
-6198.905
-6189.864
-6211.208
-6212.432
-6192.681
-6192.645
-6199.643
-6194.314
-6190.34
-6187.632
-6201.613
-6186.543
-6179.324
-6209.905
-6192.333
-6186.679
-6221.628
-6185.263
-6197.666
-6194.938
-6190.054
-6194.07
-6236.023
-6222.407
-6194.172
-6186.517
-6195.788
-6195.37
-6194.78
-6199.572
-6181.949
-6210.248
-6182.903
-6260.483
-6187.603
-6264.288
-6197.996
-6187.2
-6180.929
-6184.992
-6197.969
-6198.122
-6196.594
-6184.926
-6208.795
-6190.678
-6194.769
-6233.263
-6216.828
-6210.48
-6182.297
-6179.918
-6254.485
-6200.218
-6184.963
-6222.986
-6186.946
-6191.666
-6215.592
-6201.501
-6192.854
-6211.934
-6209.23
-6182.528
-6189.737
-6178.531
-6204.415
-6185.374
-6184.899
-6190.969
-6227.981
-6210.217
-6180.721
-6182.471
-6264.746
-6183.42
-6184.658
-6185.799
-6428.283
-6221.542
-6178.694
-6221.06
-6242.67
-6198.976
-6206.73
-6185.854
-6261.2
-6207.291
-6186.888
-6192.619
-6283.749
-6184.37
-6184.826
-6183.115
-6205.801
-6185.208
-6192.361
-6210.478
-6184.591
-6207.905
-6196.078
-6181.243
-6192.762
-6184.826
-6179.856
-6234.59
-6178.816
-6296.83
-6204.577
-6217.668
-6181.312
-6187.298
-6178.876
-6226.401
-6180.313
-6204.957
-6181.563
-6182.944
-6191.408
-6191.955
-6198.9
-6224.625
-6190.183
-6207.401
-6215.617
-6184.289
-6199.52
-6190.847
-6198.05
-6200.339
-6189.871
-6199.365
-6210.213
-6192.404
-6186.963
-6217.034
-6223.621
-6181.895
-6194.518
-6200.239
-6227.98
-6197.512
-6191.223
-6188.355
-6234.425
-6200.527
-6288.848
-6230.742
-6193.381
-6200.696
-6207.462
-6225.273
-6197.141
-6199.424
-6186.563
-6250.418
-6213.466
-6179.691
-6180.92
-6222.248
-6252.685
-6240.906
-6257.389
-6190.624
-6189.985
-6203.007
-6197.387
-6247.12
-6202.357
-6198.424
-6195.528
-6187.176
-6246.697
-6189.27
-6188.928
-6196.278
-6192.919
-6183.866
-6191.776
-6188.186
-6230.574
-6219.487
-6188.64
-6200.603
-6215.419
-6189.352
-6220.275
-6214.086
-6225.202
-6202.653
-6211.336
-6192.402
-6186.505
-6239.26
-6185.337
-6190.348
-6187.815
-6292.637
-6187.047
-6182.372
-6263.062
-6200.547
-6225.688
-6187.873
-6205.507
-6198.455
-6186.911
-6188.734
-6374.649
-6239.25
-6195.431
-6191.193
-6215.498
-6201.472
-6205.463
-6189.878
-6181.772
-6188.349
-6195.519
-6247.804
-6200.377
-6238.451
-6202.164
-6200.798
-6261.396
-6193.899
-6190.821
-6197.09
-6222.428
-6199.712
-6202.998
-6265.378
-6202.978
-6299.096
-6194.026
-6183.882
-6204.762
-6199.616
-6179.572
-6187.899
-6226.137
-6192.827
-6234.908
-6191.11
-6229.182
-6204.403
-6213.35
-6198.08
-6191.098
-6193.687
-6233.393
-6204.442
-6197.24
-6194.842
-6192.671
-6218.979
-6185.145
-6182.47
-6185.745
-6189.184
-6186.434
-6198.09
-6210.274
-6196.085
-6195.1
-6217.466
-6187.73
-6204.533
-6290.663
-6211.483
-6244.604
-6259.604
-6204.952
-6191.431
-6211.948
-6188.651
-6197.654
-6217.985
-6195.626
-6185.977
-6243.142
-6229.311
-6189.875
-6236.319
-6183.64
-6192.457
-6181.03
-6278.684
-6202.464
-6195.815
-6240.446
-6190.571
-6187.625
-6182.393
-6185.924
-6191.029
-6219.527
-6189.041
-6199.456
-6211.517
-6229.665
-6194.846
-6207.38
-6232.44
-6183.926
-6184.172
-6212.239
-6194.846
-6253.11
-6216.812
-6187.045
-6193.065
-6191.261
-6193.042
-6201.004
-6236.853
-6228.999
-6184.615
-6210.355
-6210.543
-6187.223
-6286.113
-6195.934
-6180.287
-6203.04
-6186.672
-6330.364
-6205.609
-6207.206
-6233.658
-6185.027
-6189.698
-6195.918
-6185.531
-6193.076
-6194.575
-6225.205
-6203.948
-6209.318
-6185.705
-6184.61
-6185.424
-6208.056
-6186.963
-6191.589
-6180.257
-6182.176
-6181.247
-6188.144
-6227.649
-6181.869
-6197.703
-6197.088
-6186.131
-6194.217
-6190.349
-6205.59
-6208.22
-6189.953
-6243.207
-6183.509
-6193.317
-6200.425
-6191.685
-6250.765
-6210.818
-6181.919
-6188.717
-6241.691
-6192.356
-6188.301
-6195.108
-6206.449
-6186.548
-6213.038
-6194.687
-6242.96
-6191.907
-6199.867
-6201.573
-6187.751
-6217.791
-6204.497
-6247.698
-6201.054
-6202.014
-6199.924
-6185.468
-6189.675
-6197.26
-6216.269
-6198.214
-6200.548
-6180.281
-6226.788
-6186.638
-6244.07
-6251.198
-6246.382
-6207.714
-6198.096
-6190.602
-6183.698
-6187.512
-6225.124
-6202.848
-6194.714
-6180.506
-6198.726
-6207.79
-6178.685
-6182.685
-6182.96
-6181.953
-6205.462
-6189.281
-6182.859
-6189.698
-6188.926
-6190.585
-6184.725
-6205.963
-6216.612
-6227.997
-6182.245
-6179.978
-6188.466
-6186.512
-6197.22
-6185.089
-6192.29
-6186.954
-6205.317
-6209.473
-6212.587
-6180.546
-6226.108
-6180.992
-6231.271
-6198.849
-6211.266
-6206.061
-6183.635
-6215.544
-6192.799
-6215.527
-6200.846
-6197.276
-6187.013
-6187.374
-6195.698
-6201.244
-6198.755
-6211.077
-6210.175
-6203.743
-6205.091
-6202.24
-6197.44
-6203.319
-6218.352
-6190.188
-6181.616
-6246.147
-6186.023
-6192.963
-6185.307
-6202.617
-6201.305
-6185.526
-6198.463
-6199.539
-6185.662
-6191.223
-6186.222
-6202.254
-6205.219
-6193.408
-6229.24
-6194.314
-6186.957
-6217.536
-6181.255
-6182.395
-6195.818
-6210.99
-6188.496
-6218.241
-6189.688
-6203.304
-6177.508
-6176.956
-6198.488
-6186.793
-6179.497
-6195.244
-6233.286
-6185.607
-6199.388
-6258.549
-6192.251
-6186.576
-6182.166
-6178.119
-6191.752
-6192.836
-6187.006
-6187.6
-6220.874
-6179.194
-6183.605
-6215.776
-6226.289
-6225.28
-6194.849
-6191.523
-6201.286
-6235.61
-6195.676
-6285.423
-6209.53
-6186.497
-6214.522
-6227.953
-6202.33
-6194.72
-6212.459
-6182.263
-6177.328
-6231.241
-6207.011
-6189.614
-6189.375
-6208.082
-6187.352
-6197.649
-6274.384
-6189.582
-6180.168
-6219.379
-6203.763
-6206.966
-6211.025
-6205.619
-6320.455
-6196.243
-6179.697
-6208.689
-6215.639
-6235.494
-6256.831
-6183.963
-6192.878
-6351.873
-6238.321
-6221.33
-6175.817
-6188.766
-6198.074
-6196.065
-6197.523
-6188.737
-6269.299
-6199.02
-6203.799
-6193.008
-6215.685
-6198.417
-6216.373
-6202.718
-6180.591
-6177.831
-6200.867
-6199.047
-6185.828
-6198.807
-6194.42
-6189.437
-6188.431
-6288.643
-6210.614
-6179.248
-6185.579
-6215.304
-6190.962
-6180.026
-6183.038
-6218.897
-6283.403
-6188.703
-6245.966
-6205.736
-6176.967
-6185.623
-6232.294
-6189.039
-6188.24
-6177.804
-6301.449
-6186.129
-6181.513
-6177.611
-6212.678
-6175.781
-6188.142
-6179.871
-6260.881
-6213.601
-6180.766
-6186.144
-6187.206
-6235.475
-6199.654
-6192.2
-6217.996
-6182.508
-6192.908
-6194.794
-6198.509
-6175.764
-6183.842
-6175.93
-6182.061
-6203.052
-6190.793
-6211.84
-6183.647
-6209.27
-6192.628
-6225.65
-6210.878
-6187.48
-6250.719
-6217.915
-6213.32
-6211.478
-6177.128
-6181.063
-6186.468
-6183.485
-6192.105
-6192.387
-6196.439
-6181.11
-6205.433
-6200.964
-6187.304
-6189.458
-6191.921
-6196.535
-6199.576
-6179.737
-6223.236
-6190.68
-6245.851
-6188.085
-6191.314
-6274.63
-6199.607
-6173.881
-6189.386
-6179.379
-6191.558
-6190.748
-6212.21
-6231.866
-6200.43
-6207.423
-6224.022
-6209.37
-6175.424
-6264.019
-6231.617
-6197.24
-6189.741
-6178.758
-6186.724
-6185.703
-6193.444
-6195.693
-6183.206
-6176.836
-6194.384
-6195.904
-6208.051
-6187.248
-6194.762
-6189.772
-6174.563
-6224.962
-6200.42
-6226.677
-6187.209
-6182.849
-6181.7
-6180.314
-6182.854
-6192.44
-6211.987
-6183.948
-6181.134
-6184.076
-6182.762
-6184.827
-6175.759
-6198.623
-6302.297
-6194.356
-6242.557
-6192.934
-6184.12
-6180.933
-6180.634
-6197.818
-6216.185
-6186.209
-6206.111
-6181.711
-6177.141
-6272.46
-6232.463
-6215.924
-6187.02
-6206.15
-6199.86
-6175.414
-6180.683
-6182.757
-6217.241
-6176.229
-6184.926
-6184.159
-6182.077
-6175.805
-6189.343
-6201.557
-6193.328
-6192.122
-6181.7
-6187.27
-6186.831
-6193.215
-6235.66
-6189.914
-6201.751
-6212.989
-6217.642
-6203.976
-6176.765
-6214.742
-6247.031
-6189.531
-6179.544
-6214.379
-6178.001
-6220.198
-6193.735
-6187.794
-6199.167
-6175.516
-6180.994
-6178.648
-6184.99
-6210.3
-6201.059
-6190.38
-6181
-6195.523
-6225.327
-6194.224
-6240.698
-6190.433
-6189.803
-6191.463
-6186.757
-6234.595
-6181.307
-6253.786
-6196.723
-6228.203
-6205.186
-6185.012
-6188.526
-6225.278
-6199.6
-6181.462
-6207.347
-6185.035
-6187.542
-6189.314
-6202.049
-6204.567
-6203.539
-6224.062
-6182.636
-6185.928
-6184.368
-6181.676
-6192.805
-6190.71
-6177.103
-6188.869
-6241.675
-6302.244
-6182.826
-6200.556
-6194.255
-6202.882
-6218.163
-6237.981
-6203.414
-6194.521
-6188.982
-6193.807
-6187.734
-6186.951
-6202.893
-6189.054
-6186.663
-6243.057
-6200.466
-6173.945
-6228.364
-6187.856
-6179.07
-6190.22
-6205.908
-6196.773
-6222.821
-6254.432
-6180.012
-6208.724
-6177.411
-6176.408
-6219.765
-6216.956
-6235.37
-6201.494
-6304.542
-6182.232
-6194.45
-6237.17
-6190.719
-6196.844
-6196.868
-6188.412
-6180.472
-6224.405
-6214.519
-6206.866
-6196.262
-6194.151
-6212.688
-6198.108
-6183.236
-6213.556
-6181.634
-6194.074
-6187.135
-6188.705
-6194.46
-6221.016
-6206.568
-6183.984
-6179.564
-6212.96
-6269.146
-6196.819
-6196.074
-6191.887
-6246.375
-6182.556
-6194.663
-6213.367
-6194.959
-6270.435
-6180.56
-6205.532
-6192.664
-6186.44
-6179.251
-6229.268
-6206.361
-6176.841
-6185.66
-6175.741
-6191.844
-6177.419
-6210.245
-6184.961
-6187.474
-6203.697
-6190.536
-6256.652
-6191.62
-6257.29
-6178.306
-6193.506
-6231.907
-6186.046
-6181.681
-6213.471
-6189.755
-6196.56
-6179.375
-6197.987
-6242.922
-6186.357
-6179.422
-6188.851
-6174.815
-6219.986
-6274.318
-6193.978
-6252.142
-6211.879
-6185.66
-6230.265
-6183.107
-6192.859
-6198.838
-6182.635
-6186.873
-6189.88
-6176.621
-6209.479
-6184.33
-6183.5
-6280.375
-6196.868
-6190.474
-6177.997
-6200.602
-6179.249
-6191.542
-6176.888
-6222.09
-6193.169
-6176.839
-6175.97
-6214.896
-6195.516
-6231.907
-6204.068
-6260.644
-6190.14
-6203.079
-6212.9
-6188.382
-6226.833
-6178.495
-6200.39
-6187.485
-6267.051
-6183.081
-6222.305
-6212.406
-6186.565
-6191.923
-6187.428
-6190.44
-6186.749
-6216.545
-6184.159
-6204.918
-6197.041
-6185.561
-6212.758
-6222.78
-6181.124
-6186.167
-6210.203
-6212.371
-6197.568
-6212.334
-6200.975
-6224.507
-6242.275
-6208.426
-6178.542
-6183.218
-6183.226
-6234.297
-6186.952
-6232.075
-6195.571
-6206.032
-6187.81
-6175.803
-6190.537
-6196.342
-6179.557
-6196.679
-6208.579
-6194.551
-6176.405
-6185.64
-6180.972
-6186.211
-6183.879
-6181.848
-6189.326
-6184.804
-6185.163
-6202.622
-6182.187
-6221.796
-6209.96
-6213.951
-6184.56
-6189.306
-6358.797
-6192.752
-6188.34
-6214.34
-6185.891
-6184.2
-6209.197
-6189.621
-6175.359
-6187.721
-6189.656
-6181.377
-6253.853
-6194.076
-6193.614
-6177.519
-6184.042
-6207.232
-6178.414
-6192.85
-6191.602
-6184.379
-6183.408
-6227.922
-6187.737
-6177.78
-6189.285
-6203.927
-6203.046
-6180.476
-6178.96
-6245.795
-6258.34
-6204.035
-6186.285
-6220.185
-6197.22
-6184.689
-6180.37
-6181.607
-6208.49
-6199.382
-6195.491
-6183.449
-6249.839
-6221.188
-6201.921
-6245.16
-6183.333
-6188.558
-6185.794
-6211.514
-6179.701
-6189.481
-6184.846
-6178.705
-6183.909
-6222.932
-6209.624
-6174.883
-6194.256
-6248.29
-6192.149
-6181.303
-6190.403
-6212.646
-6181.445
-6219.834
-6187.633
-6203.125
-6189.782
-6175.687
-6250.933
-6176.275
-6218.435
-6190.494
-6185.347
-6192.883
-6180.706
-6182.394
-6190.616
-6244.587
-6283.668
-6191.401
-6174.717
-6184.953
-6175.048
-6218.989
-6259.168
-6181.983
-6258.66
-6181.813
-6209.351
-6197.32
-6189.941
-6188.809
-6185.339
-6219.804
-6182.372
-6215.595
-6181.829
-6182.878
-6178.138
-6185.532
-6196.786
-6192.075
-6183.425
-6245.696
-6180.819
-6178.533
-6180.616
-6182.238
-6205.508
-6173.968
-6190.866
-6220.452
-6183.295
-6189.054
-6254.537
-6212.857
-6177.997
-6183.257
-6208.981
-6222.406
-6184.641
-6201.431
-6180.666
-6192.398
-6188.743
-6179.52
-6197.03
-6207.365
-6194.046
-6188.301
-6180.545
-6194.652
-6197.885
-6239.415
-6206.847
-6186.576
-6190.278
-6202.614
-6177.451
-6201.732
-6195.752
-6194.018
-6192.611
-6179.829
-6195.282
-6203.54
-6174.336
-6184.631
-6206.01
-6204.228
-6210.738
-6181.483
-6178.237
-6222.585
-6179.588
-6174.845
-6206.396
-6181.749
-6210.321
-6206.607
-6179.492
-6218.187
-6194.855
-6186.767
-6204.231
-6207.872
-6222.132
-6186.168
-6195.321
-6183.325
-6193.064
-6204.031
-6197.145
-6179.446
-6180.471
-6216.869
-6188.426
-6185.687
-6196.259
-6178.321
-6272.48
-6185.309
-6180.981
-6193.409
-6181.862
-6178.071
-6219.742
-6196.823
-6187.888
-6267.216
-6187.346
-6203.241
-6240.829
-6205.275
-6174.562
-6178.194
-6180.003
-6186.759
-6208.834
-6240.234
-6185.972
-6240.037
-6204.306
-6197.665
-6276.533
-6234.319
-6229.714
-6191.205
-6193.507
-6196.277
-6207.899
-6182.221
-6236.603
-6190.611
-6196.539
-6224.656
-6209.174
-6197.93
-6211.308
-6245.198
-6205.085
-6219.366
-6187.567
-6188.959
-6189.518
-6226.922
-6202.568
-6185.026
-6196.821
-6214.563
-6220.99
-6186.757
-6214.758
-6218.032
-6188.321
-6204.398
-6194.763
-6191.968
-6183.322
-6183.517
-6194.228
-6230.638
-6185.834
-6188.544
-6210.236
-6247.258
-6262.565
-6211.558
-6194.826
-6199.747
-6197.399
-6234.289
-6255.687
-6199.233
-6220.612
-6183.293
-6194.76
-6189.985
-6206.246
-6207.637
-6227.505
-6203.62
-6188.726
-6192.712
-6190.417
-6181.983
-6194.893
-6184.224
-6193.197
-6209.257
-6204.982
-6202.316
-6176.168
-6186.964
-6258.288
-6182.444
-6197.92
-6186.992
-6259.941
-6197.69
-6208.808
-6211.985
-6189.764
-6182.844
-6206.722
-6242.449
-6214.817
-6206.096
-6196.243
-6230.337
-6197.039
-6175.23
-6220.27
-6197.635
-6183.095
-6218.183
-6176.64
-6176.874
-6216.734
-6201.915
-6176.971
-6193.162
-6190.957
-6194.66
-6231.163
-6172.684
-6180.691
-6248.096
-6197.371
-6182.933
-6195.175
-6209.067
-6192.129
-6194.925
-6216.816
-6210.795
-6206.805
-6194.098
-6191.801
-6184.803
-6182.347
-6203.412
-6211.286
-6189.821
-6183.738
-6188.669
-6184.455
-6230.346
-6210.856
-6218.912
-6235.534
-6210.14
-6185.342
-6258.632
-6259.466
-6176.97
-6184.121
-6185.393
-6177.408
-6212.568
-6216.651
-6197.657
-6180.499
-6209.159
-6193.794
-6175.58
-6187.553
-6193.416
-6192.415
-6192.901
-6210.221
-6223.831
-6192.447
-6204.688
-6201.095
-6191.434
-6186.552
-6186.119
-6184.964
-6179.356
-6184.05
-6213.796
-6207.994
-6179.612
-6187.934
-6192.075
-6175.976
-6225.746
-6178.196
-6173.417
-6190.773
-6179.55
-6191.89
-6233.279
-6172.832
-6202.253
-6219.1
-6202.949
-6191.689
-6191.87
-6178.142
-6225.895
-6194.727
-6204.365
-6209.09
-6189.643
-6201.703
-6183.446
-6182.506
-6195.668
-6195.874
-6201.719
-6240.426
-6174.111
-6182.789
-6178.499
-6237.081
-6223.595
-6174.708
-6189.367
-6181.932
-6174.633
-6195.531
-6215.423
-6172.415
-6197.2
-6179.551
-6285.386
-6225.271
-6214.47
-6187.109
-6183.805
-6196.052
-6186.781
-6212.677
-6189.794
-6182.087
-6228.692
-6180.979
-6215.959
-6190.344
-6203.004
-6181.853
-6183.508
-6178.659
-6178.703
-6176.483
-6191.474
-6193.516
-6228.774
-6189.685
-6186.481
-6193.026
-6201.975
-6181.863
-6182.727
-6183.525
-6188.044
-6186.615
-6175.24
-6176.09
-6210.484
-6278.283
-6283.364
-6211.467
-6213.844
-6183.595
-6200.643
-6197.031
-6182.528
-6186.689
-6249.241
-6183.915
-6180.442
-6225.293
-6176.453
-6185.417
-6214.843
-6191.221
-6203.887
-6231.229
-6177.866
-6204.406
-6275.231
-6180.249
-6192.366
-6182.951
-6185.998
-6198.627
-6203.493
-6225.599
-6255.206
-6275.194
-6176.267
-6196.973
-6184.671
-6185.967
-6189.2
-6225.626
-6175.684
-6201.56
-6188.81
-6185.6
-6177.036
-6188.274
-6213.675
-6183.581
-6182.598
-6180.176
-6195.371
-6191.302
-6181.265
-6177.516
-6217.786
-6218.742
-6177.546
-6180.48
-6202.521
-6213.053
-6194.178
-6178.327
-6189.733
-6190.393
-6215.845
-6182.078
-6180.981
-6236.493
-6172.988
-6203.569
-6241.778
-6183.922
-6197.522
-6196.563
-6237.638
-6187.158
-6182.086
-6213.61
-6227.003
-6186.487
-6195.407
-6175.558
-6207.791
-6195.808
-6221.59
-6183.764
-6230.822
-6203.498
-6177.367
-6196.887
-6192.852
-6211.637
-6241.356
-6175.109
-6184.091
-6283.68
-6201.773
-6207.222
-6220.345
-6184.059
-6259.475
-6176.805
-6204.997
-6186.145
-6189.309
-6205.413
-6175.129
-6185.229
-6231.575
-6262.849
-6197.49
-6176.257
-6206.627
-6194.253
-6184.241
-6192.574
-6177.667
-6174.598
-6272.65
-6174.113
-6219.016
-6195.834
-6190.15
-6181.921
-6292.97
-6186.637
-6220.598
-6177.755
-6211.175
-6200.769
-6233.792
-6183.821
-6187.669
-6176.252
-6172.276
-6184.705
-6199.462
-6199.193
-6179.955
-6184.753
-6189.078
-6214.591
-6180.661
-6187.834
-6187.409
-6182.106
-6342.061
-6183.679
-6184.103
-6236.687
-6180.544
-6181.032
-6194.272
-6206.599
-6177.058
-6209.519
-6174.858
-6192.619
-6182.44
-6243.317
-6248.213
-6229.584
-6268.32
-6185.605
-6191.042
-6199.594
-6188.028
-6233.949
-6181.856
-6178.14
-6183.779
-6204.046
-6207.688
-6194.211
-6182.829
-6197.979
-6171.779
-6228.375
-6174.656
-6180.263
-6185.735
-6211.527
-6274.301
-6178.764
-6205.063
-6212.59
-6175.338
-6184.841
-6187.394
-6183.322
-6183.116
-6178.226
-6199.297
-6254.547
-6183.94
-6173.84
-6177.858
-6185.01
-6219.026
-6257.875
-6183.545
-6179.469
-6176.978
-6210.435
-6174.955
-6190.283
-6242.176
-6182.96
-6185.43
-6180.269
-6188.638
-6223.017
-6180.46
-6181.085
-6172.151
-6219.575
-6175.43
-6192.51
-6178.452
-6174.503
-6180.087
-6198.36
-6240.422
-6189.439
-6190.245
-6179.295
-6174.237
-6225.334
-6191.568
-6203.084
-6178.932
-6173.131
-6179.874
-6198.594
-6214.515
-6180.802
-6190.485
-6197.387
-6196.113
-6185.32
-6183.158
-6178.626
-6195.088
-6175.933
-6203.814
-6183.308
-6184.209
-6293.106
-6214.652
-6204.379
-6178.128
-6171.644
-6214.625
-6172.931
-6179.759
-6178.003
-6268.021
-6222.524
-6177.456
-6188.207
-6182.363
-6203.819
-6173.986
-6185.745
-6185.828
-6175.911
-6189.906
-6192.503
-6179.139
-6189.705
-6219.381
-6184.432
-6188.143
-6248.003
-6207.428
-6174.206
-6210.937
-6196.503
-6195.077
-6182.809
-6222.506
-6170.538
-6177.598
-6188.214
-6180.069
-6191.882
-6175.547
-6194.897
-6186.541
-6200.531
-6269.821
-6174.061
-6190.58
-6173.03
-6189.609
-6175.77
-6266.301
-6182.497
-6195.682
-6209.807
-6185.015
-6351.992
-6219.798
-6175.795
-6191.099
-6209.019
-6208.401
-6179.622
-6175.645
-6224.869
-6176.224
-6171.576
-6182.58
-6198.93
-6181.482
-6195.852
-6180.391
-6184.287
-6171.086
-6198.823
-6178.16
-6184.643
-6187.753
-6210.241
-6175.691
-6173.724
-6178.963
-6220.193
-6223.808
-6174.882
-6197.268
-6174.193
-6212.551
-6209.94
-6179.417
-6177.511
-6176.092
-6171.342
-6198.2
-6176.564
-6197.193
-6175.874
-6177.215
-6181.641
-6178.167
-6205.702
-6175.273
-6200.65
-6221.156
-6184.24
-6191.837
-6198.851
-6179.422
-6180.299
-6273.979
-6201.334
-6181.024
-6179.469
-6200.762
-6192.515
-6179.134
-6183.253
-6186.549
-6202.256
-6207.72
-6185.96
-6178.261
-6187.002
-6175.993
-6201.613
-6201.343
-6169.783
-6201.573
-6228.911
-6177.782
-6220.388
-6188.67
-6194.624
-6206.572
-6178.952
-6200.339
-6205.124
-6172.264
-6171.897
-6220.249
-6184.952
-6179.083
-6180.834
-6222.202
-6173.079
-6180.111
-6172.314
-6282.725
-6171.645
-6189.024
-6200.586
-6199.06
-6222.883
-6195.514
-6177.142
-6178.044
-6191.128
-6168.608
-6188.322
-6170.58
-6194.461
-6197.898
-6201.452
-6183.386
-6179.687
-6213.802
-6176.017
-6190.622
-6176.919
-6182.762
-6181.277
-6197.203
-6180.688
-6172.568
-6177.875
-6186.022
-6188.271
-6166.353
-6195.458
-6178.414
-6189.778
-6184.418
-6211.612
-6186.974
-6172.968
-6219.937
-6184.736
-6179.431
-6199.61
-6170.858
-6215.39
-6175.239
-6189.757
-6179.255
-6203.481
-6180.128
-6170.613
-6219.213
-6180.381
-6187.351
-6188.382
-6172.948
-6195.768
-6187.456
-6204.914
-6191.665
-6181.756
-6264.016
-6177.156
-6191.496
-6234.713
-6182.754
-6171.247
-6199.656
-6184.982
-6167.805
-6175.219
-6168.095
-6177.982
-6174.673
-6182.743
-6188.343
-6190.251
-6211.177
-6180.935
-6196.527
-6187.95
-6190.283
-6180.831
-6191.307
-6177.643
-6179.589
-6191.682
-6189.611
-6195.562
-6185.314
-6170.274
-6173.444
-6171.14
-6180.183
-6199.018
-6192.459
-6194.569
-6189.704
-6177.367
-6173.481
-6290.185
-6189.016
-6183.838
-6173.432
-6177.548
-6189.537
-6198.935
-6182.469
-6173.128
-6201.201
-6178.167
-6179.101
-6191.772
-6194.96
-6190.284
-6187.344
-6192.939
-6170.823
-6171.181
-6200.01
-6215.266
-6213.648
-6185.385
-6192.913
-6216.806
-6210.334
-6204.867
-6177.915
-6201.625
-6179.712
-6198.319
-6177.937
-6172.515
-6166.411
-6196.598
-6176.8
-6172.225
-6226.595
-6171.505
-6236.993
-6201.563
-6201.576
-6189.418
-6171.297
-6195.809
-6185.579
-6168.287
-6178.741
-6169.468
-6174.798
-6174.451
-6194.088
-6187.967
-6169.639
-6222.717
-6193.683
-6174.369
-6214.747
-6178.202
-6168.894
-6189.723
-6178.108
-6185.592
-6181.488
-6174.465
-6171.25
-6177.03
-6174.331
-6200.807
-6202.835
-6191.054
-6174.599
-6168.898
-6167.32
-6227.815
-6202.982
-6179.235
-6201.184
-6178.542
-6168.16
-6168.676
-6181.197
-6172.773
-6221.501
-6190.927
-6176.446
-6201.01
-6179.509
-6207.37
-6181.642
-6187.458
-6168.241
-6193.233
-6177.245
-6196.434
-6181.93
-6171.307
-6178.598
-6176.067
-6202.579
-6174.458
-6207.828
-6238.156
-6235.063
-6176.172
-6208.14
-6175.403
-6276.113
-6209.36
-6167.52
-6249.87
-6201.28
-6226.246
-6210.51
-6178.035
-6180.178
-6185.354
-6186.144
-6191.129
-6217.744
-6169.741
-6212.319
-6216.838
-6174.95
-6171.348
-6183.463
-6169.208
-6194.445
-6185.305
-6186.631
-6170.776
-6174.372
-6202.928
-6180.065
-6169.142
-6186.164
-6166.212
-6167.92
-6183.847
-6168.604
-6164.597
-6223.642
-6191.223
-6187.493
-6177.944
-6174.584
-6186.368
-6206.427
-6169.834
-6224.699
-6213.313
-6180.656
-6187.048
-6172.646
-6173.158
-6178.765
-6184.207
-6171.287
-6179.598
-6189.581
-6192.025
-6173.037
-6184.877
-6181.184
-6216.494
-6176.406
-6190.214
-6172.694
-6169.588
-6183.71
-6177.519
-6171.722
-6201.138
-6173.181
-6191.723
-6172.894
-6178.61
-6169.362
-6198.624
-6168.709
-6193.87
-6167.245
-6183.74
-6168.243
-6170.512
-6173.694
-6171.705
-6176.438
-6213.737
-6175.015
-6178.429
-6175.479
-6167.605
-6164.849
-6207.435
-6182.938
-6188.167
-6166.341
-6167.369
-6194.578
-6175.577
-6196.789
-6174.045
-6163.307
-6176.991
-6163.478
-6182.835
-6181.965
-6166.281
-6188.422
-6180.421
-6188.815
-6159.39
-6168.364
-6172.442
-6188.069
-6178.575
-6170.084
-6164.681
-6163.657
-6174.574
-6160.072
-6171.212
-6181.006
-6162.927
-6171.844
-6163.023
-6189.842
-6199.348
-6172.329
-6178.686
-6171.79
-6164.654
-6181.144
-6159.961
-6180.166
-6184.609
-6158.186
-6201.055
-6157.167
-6181.089
-6184.639
-6151.027
-6175.792
-6181.842
-6151.628
-6155.916
-6164.336
-6156.461
-6150.415
-6166.726
-6184.069
-6248.761
-6169.438
-6166.612
-6163.855
-6159.539
-6153.272
-6171.063
-6149.353
-6148.15
-6167.171
-6154.245
-6185.076
-6159.198
-6200.48
-6157.906
-6155.768
-6166.111
-6155.807
-6150.146
-6155.564
-6164.709
-6161.648
-6162.373
-6163.471
-6150.976
-6167.331
-6161.913
-6179.72
-6151.712
-6155.517
-6205.569
-6159.138
-6164.147
-6146.912
-6161.092
-6175.305
-6220.56
-6168.712
-6161.196
-6157.477
-6169.456
-6147.99
-6149.651
-6149.937
-6142.163
-6150.777
-6156.9
-6158.022
-6147.277
-6153.151
-6145.953
-6168.477
-6145.11
-6162.338
-6142.141
-6151.514
-6160.443
-6163.104
-6146.74
-6143.397
-6157.361
-6155.38
-6150.905
-6152.09
-6142.445
-6152.89
-6143.786
-6162.148
-6147.954
-6141.121
-6139.27
-6184.824
-6149.961
-6141.797
-6157.503
-6138.871
-6140.96
-6158.671
-6157.942
-6147.573
-6164.393
-6148.025
-6155.094
-6142.358
-6140.77
-6142.436
-6164.752
-6176.464
-6154.34
-6152.095
-6143.662
-6154.057
-6143.049
-6147.539
-6145.491
-6178.651
-6152.557
-6156.517
-6139.249
-6149.622
-6176.254
-6145.567
-6143.525
-6150.006
-6144.861
-6154.431
-6165.178
-6145.815
-6141.602
-6157.55
-6153.955
-6147.475
-6148.395
-6142.759
-6144.907
-6139.579
-6147.672
-6147.844
-6159.001
-6152.041
-6165.505
-6149.959
-6152.376
-6164.235
-6153.981
-6153.452
-6149.989
-6164.899
-6162.066
-6153.218
-6140.603
-6144.742
-6152.267
-6143.407
-6142.706
-6180.566
-6182.19
-6157.303
-6139.251
-6140.978
-6150.939
-6141.969
-6158.109
-6137.895
-6174.839
-6145.4
-6148.144
-6145.473
-6143.512
-6157.931
-6157.398
-6143.158
-6145.112
-6162.359
-6152.125
-6150.92
-6146.593
-6151.992
-6143.664
-6149.341
-6157.746
-6148.465
-6149.123
-6147.233
-6170.748
-6145.74
-6141.795
-6152.053
-6157.314
-6149.48
-6143.59
-6136.187
-6139.937
-6149.521
-6141.044
-6144.686
-6137.655
-6139.969
-6165.559
-6141.97
-6183.067
-6156.362
-6151.058
-6145.103
-6158.475
-6145.314
-6142.585
-6144.988
-6148.736
-6156.398
-6163.452
-6162.384
-6142.935
-6143.818
-6141.811
-6148.586
-6153.228
-6138.694
-6142.385
-6154.77
-6161.229
-6148.961
-6137.085
-6141.191
-6144.577
-6165.684
-6148.965
-6152.624
-6164.308
-6138.99
-6159.159
-6147.012
-6170.901
-6146.864
-6139.315
-6138.753
-6141.968
-6153.369
-6138.53
-6144.561
-6138.78
-6145.291
-6146.029
-6152.076
-6139.928
-6150.053
-6144.766
-6148.598
-6175.135
-6148.944
-6140.752
-6154.546
-6154.367
-6154.717
-6146.394
-6151.251
-6143.358
-6187.344
-6153.227
-6152.157
-6158.141
-6145.209
-6145.303
-6171.599
-6152.137
-6151.712
-6153.793
-6139.98
-6144.88
-6205.217
-6161.382
-6149.984
-6174.073
-6147.214
-6183.733
-6183.265
-6149.188
-6153.685
-6146.084
-6162.452
-6161.916
-6144.296
-6143.962
-6139.038
-6150.006
-6153.847
-6146.873
-6143.336
-6141.767
-6139.944
-6143.103
-6135.239
-6138.928
-6138.245
-6146.511
-6136.506
-6162.089
-6139.784
-6138.585
-6140.918
-6136.766
-6136.838
-6181.652
-6162.071
-6143.507
-6141.004
-6139.738
-6150.841
-6135.146
-6137.827
-6146.035
-6156.265
-6145.308
-6148.568
-6144.979
-6152.577
-6142.222
-6135.887
-6142.4
-6138.813
-6133.206
-6145.138
-6133.239
-6142.219
-6156.849
-6145.007
-6146.429
-6137.064
-6143.852
-6148.684
-6134.578
-6141.421
-6144.48
-6136.853
-6148.741
-6149.982
-6140.416
-6155.17
-6138.509
-6143.57
-6136.457
-6143.028
-6141.113
-6135.752
-6144.39
-6141.702
-6137.599
-6157.572
-6147.463
-6157.778
-6143.076
-6139.608
-6161.751
-6134.708
-6151.445
-6151.932
-6143.434
-6133.965
-6143.642
-6143.84
-6136.383
-6144.642
-6134.979
-6162.654
-6138.149
-6138.397
-6132.248
-6137.443
-6137.157
-6135.47
-6144.481
-6153.195
-6149.398
-6140.632
-6138.309
-6137.354
-6151.897
-6146.415
-6158.542
-6142.092
-6138.013
-6135.729
-6136.977
-6136.549
-6146.786
-6145.91
-6136.277
-6141.408
-6139.6
-6139.15
-6140.896
-6141.92
-6134.488
-6139.025
-6141.151
-6138.123
-6137.843
-6140.872
-6186.09
-6144.059
-6149.41
-6137.474
-6148.412
-6136.004
-6139.132
-6133.915
-6136.148
-6136.21
-6134.184
-6150.182
-6149.912
-6184.743
-6138.062
-6133.436
-6140.918
-6143.514
-6138.173
-6138.209
-6145.06
-6147.541
-6134.846
-6138.304
-6138.954
-6144.705
-6158.752
-6155.725
-6146.518
-6140.235
-6140.967
-6160.287
-6138.773
-6138.273
-6152.079
-6144.779
-6147.02
-6156.235
-6139.274
-6136.844
-6135.619
-6146.404
-6153.567
-6136.538
-6144.724
-6135.257
-6136.408
-6140.441
-6140.49
-6160.526
-6139.627
-6135.163
-6139.072
-6141.556
-6163.499
-6142.359
-6178.752
-6146.739
-6164.383
-6180.809
-6133.698
-6150.217
-6135.773
-6139.836
-6152.502
-6153.573
-6141.105
-6159.153
-6152.266
-6153.799
-6139.393
-6137.902
-6144.478
-6138.582
-6172.493
-6148.08
-6167.457
-6148.431
-6193.757
-6140.059
-6144.797
-6139.881
-6149.632
-6142.725
-6136.816
-6149.426
-6138.798
-6131.937
-6137.439
-6137.115
-6143.34
-6138.987
-6148.042
-6202.088
-6135.561
-6144.191
-6145.169
-6134.064
-6153.175
-6153.954
-6137.175
-6135.837
-6136.736
-6148.553
-6134.007
-6143.678
-6142.424
-6146.072
-6146.358
-6137.791
-6138.91
-6146.86
-6147.158
-6149.507
-6135.985
-6145.278
-6139.172
-6134.289
-6137.695
-6144.427
-6137.225
-6138.235
-6143.16
-6152.851
-6134.821
-6148.845
-6139.041
-6137.837
-6133.087
-6140.321
-6138.797
-6140.668
-6132.752
-6137.88
-6144.674
-6141.739
-6150.188
-6141.895
-6134.768
-6143.263
-6136.521
-6149.104
-6145.887
-6139.576
-6148.581
-6136.219
-6143.563
-6138.158
-6140.025
-6142.944
-6132.918
-6146.994
-6141.65
-6143.659
-6136.643
-6134.568
-6149.087
-6144.264
-6145.536
-6137.461
-6132.813
-6142.968
-6142.807
-6155.532
-6149.521
-6135.674
-6149.365
-6152.75
-6134.594
-6143.771
-6138.623
-6137.31
-6143.984
-6151.462
-6139.709
-6141.236
-6145.837
-6143.077
-6135.517
-6141.321
-6136.316
-6141.724
-6144.185
-6139.73
-6139.25
-6145.878
-6137.416
-6139.271
-6138.155
-6137.233
-6146.28
-6141.15
-6138.427
-6140.481
-6148.987
-6139.969
-6137.628
-6137.278
-6136.803
-6134.782
-6146.111
-6137.895
-6141.41
-6138.037
-6141.625
-6146.116
-6139.429
-6137.885
-6139.928
-6143.905
-6144.194
-6145.886
-6139.002
-6146.413
-6136.841
-6137.139
-6168.409
-6153.586
-6140.994
-6144.43
-6147.878
-6136.947
-6138.9
-6141.999
-6149.662
-6147.2
-6136.967
-6139.829
-6143.918
-6136.25
-6135.789
-6144.589
-6142.552
-6141.771
-6141.559
-6141.231
-6134.608
-6134.29
-6137.143
-6136.254
-6145.751
-6147.743
-6154.135
-6151.4
-6139.624
-6143.582
-6144.72
-6142
-6145.339
-6142.751
-6148.062
-6134.143
-6143.939
-6135.723
-6134.764
-6148.781
-6149.403
-6149.398
-6149.011
-6154.764
-6138.072
-6145.095
-6146.463
-6148.771
-6144.223
-6135.546
-6139.709
-6137.32
-6136.088
-6135.63
-6142.619
-6149.996
-6139.414
-6156.618
-6138.87
-6136.201
-6146.342
-6136.55
-6144.053
-6136.944
-6142.13
-6163.316
-6144.111
-6147.254
-6147.547
-6158.259
-6142.444
-6151.07
-6142.129
-6135.641
-6146.932
-6141.417
-6135.159
-6136.26
-6150.705
-6138.367
-6143.141
-6143.548
-6143.106
-6147.451
-6140.288
-6161.512
-6134.464
-6141.786
-6132.924
-6143.556
-6134.968
-6139.068
-6145.701
-6141.552
-6146.733
-6139.816
-6135.984
-6137.672
-6138.099
-6138.205
-6140.666
-6140.52
-6143.82
-6134.61
-6137.976
-6135.572
-6149.718
-6150.378
-6141.012
-6140.838
-6146.813
-6152.62
-6166.566
-6142.053
-6147.139
-6139.199
-6145.903
-6139.531
-6143.16
-6146.492
-6133.301
-6132.302
-6143.13
-6140.614
-6135.602
-6146.025
-6134.428
-6137.873
-6136.622
-6136.037
-6176.309
-6137.088
-6141.721
-6158.195
-6142.004
-6168.882
-6142.764
-6137.778
-6145.134
-6133.712
-6135.27
-6149.575
-6154.356
-6140.587
-6147.613
-6138.211
-6151.286
-6150.778
-6140.235
-6140.426
-6148.082
-6143.803
-6141.083
-6147.898
-6135.224
-6140.467
-6152.364
-6142.158
-6139.629
-6145.474
-6154.105
-6141.782
-6136.928
-6149.534
-6140.222
-6134.949
-6141.022
-6135.411
-6145.421
-6135.031
-6133.689
-6154.161
-6141.824
-6142.505
-6143.975
-6141.262
-6145.336
-6137.802
-6143.088
-6142.093
-6150.979
-6164.794
-6139.368
-6137.756
-6132.602
-6189.79
-6141.21
-6141.434
-6141.381
-6144.314
-6134.601
-6145.363
-6151.626
-6149.587
-6133.905
-6150.239
-6190.409
-6143.811
-6144.716
-6148.733
-6144.423
-6142.3
-6136.296
-6134.549
-6143.428
-6139.197
-6148.41
-6150.839
-6143.203
-6142.405
-6143.135
-6138.637
-6142.447
-6143.115
-6134.709
-6134.807
-6144.473
-6150.153
-6143.542
-6134.825
-6146.712
-6138.055
-6139.736
-6147.95
-6153.481
-6148.309
-6135.344
-6144.098
-6146.374
-6137.327
-6155.289
-6138.453
-6169.458
-6150.83
-6139.183
-6136.448
-6152.49
-6134.358
-6142.804
-6144.655
-6148.667
-6135.936
-6161.903
-6138.695
-6144.002
-6148.548
-6147.922
-6142.985
-6143.868
-6137.026
-6156.686
-6157.527
-6158.453
-6141.786
-6145.237
-6152.784
-6141.758
-6163.468
-6141.699
-6151.264
-6144.865
-6140.741
-6158.599
-6150.917
-6144.903
-6148.412
-6134.415
-6136.076
-6142.189
-6152.519
-6136.622
-6152.288
-6136.592
-6145.043
-6150.052
-6148.057
-6150.107
-6147.001
-6135.617
-6140.656
-6141.299
-6154.287
-6139.853
-6137.163
-6156.174
-6136.665
-6145.419
-6158.42
-6152.909
-6170.063
-6133.988
-6133.996
-6141.981
-6143.453
-6141.508
-6146.887
-6135.656
-6137.804
-6141.422
-6142.096
-6137.706
-6145.687
-6138.598
-6143.773
-6143.129
-6140.43
-6137.277
-6140.41
-6136.358
-6144.695
-6151.046
-6144.115
-6139.824
-6143.018
-6135.337
-6144.478
-6146.218
-6136.749
-6162.117
-6140.407
-6138.767
-6146.505
-6140.874
-6146.384
-6142.404
-6140.848
-6145.174
-6139.853
-6140.875
-6155.872
-6145.813
-6139.516
-6166.495
-6149.469
-6151.529
-6163.09
-6140.316
-6146.3
-6137.949
-6146.628
-6134.765
-6133.882
-6138.945
-6137.571
-6137.304
-6141.154
-6137.497
-6141.747
-6133.973
-6153.437
-6161.759
-6141.211
-6146.214
-6132.441
-6173.818
-6144.749
-6132.621
-6166.65
-6146.574
-6139.204
-6137.907
-6136.55
-6139.117
-6149.987
-6160.383
-6138.273
-6154
-6146.498
-6140.558
-6146.165
-6140.973
-6142.096
-6153.028
-6136.603
-6139.573
-6139.607
-6144.922
-6137.141
-6148.071
-6137.358
-6143.998
-6134.372
-6139.541
-6132.824
-6136.237
-6143.958
-6131.114
-6135.454
-6135.774
-6136.082
-6135.606
-6139.906
-6132.047
-6137.184
-6137.59
-6158.286
-6138.286
-6158.352
-6135.054
-6138.396
-6143.148
-6138.417
-6139.347
-6132.384
-6144.019
-6143.623
-6139.354
-6138.286
-6161.593
-6156.77
-6141.926
-6140.149
-6141.522
-6152.205
-6137.746
-6134.233
-6138.451
-6136.132
-6141.124
-6149.557
-6134.535
-6143.522
-6134.909
-6141.184
-6148.853
-6137.846
-6137.809
-6141.693
-6139.617
-6132.45
-6142.073
-6137.309
-6134.648
-6143.931
-6141.896
-6150.062
-6133.933
-6146.549
-6143.739
-6145.727
-6154.473
-6151.408
-6138.97
-6157.702
-6141.635
-6135.551
-6142.465
-6141.103
-6141.031
-6142.048
-6135.561
-6139.955
-6150.877
-6134.086
-6140.025
-6144.34
-6136.068
-6136.886
-6163.381
-6140.866
-6138.311
-6135.957
-6149.717
-6144.419
-6143.858
-6140.273
-6138.836
-6137.522
-6141.382
-6184.815
-6160.546
-6138.27
-6135.034
-6137.525
-6168.965
-6141.247
-6140.86
-6142.209
-6133.12
-6148.711
-6138.412
-6137.997
-6142.721
-6147.01
-6136.16
-6143.367
-6133.415
-6138.764
-6138.17
-6143.011
-6143.038
-6138.08
-6148.243
-6152.034
-6133.065
-6140.359
-6148.754
-6143.623
-6152.4
-6151.773
-6141.688
-6144.609
-6153.299
-6138.705
-6137.458
-6140.592
-6134.949
-6133.619
-6145.619
-6138
-6143.942
-6143.499
-6140.121
-6146.166
-6141.946
-6153.719
-6159.058
-6142.782
-6139.095
-6135.938
-6159.222
-6155.734
-6135.868
-6139.627
-6143.109
-6151.966
-6149.349
-6144.134
-6136.994
-6147.433
-6133.478
-6137.67
-6136.268
-6144.927
-6139.953
-6138.688
-6175.085
-6141.298
-6138.548
-6146.798
-6137.644
-6139.249
-6134.72
-6141.551
-6146.758
-6139.42
-6141.338
-6141.473
-6137.999
-6145.234
-6133.936
-6144.277
-6139.954
-6139.759
-6136.132
-6160.156
-6131.547
-6136.007
-6134.851
-6157.034
-6136.339
-6137.996
-6140.299
-6141.214
-6147.646
-6136.36
-6143.415
-6138.877
-6141.337
-6136.203
-6135.874
-6141.124
-6139.499
-6136.033
-6163.429
-6153.267
-6142.301
-6134.479
-6147.728
-6142.397
-6157.65
-6136.82
-6153.667
-6137.883
-6133.754
-6136.657
-6132.641
-6141.202
-6143.884
-6137.161
-6136.037
-6142.708
-6160.113
-6148.084
-6132.284
-6135.505
-6147.024
-6149.595
-6144.734
-6137.58
-6132.686
-6138.902
-6135.501
-6148.104
-6137.834
-6141.037
-6134.222
-6137.054
-6135.358
-6139.121
-6136.902
-6142.375
-6136.222
-6153.214
-6148.102
-6141.318
-6142.37
-6136.815
-6151.958
-6140.618
-6139.296
-6164.866
-6142.11
-6140.768
-6144.042
-6158.43
-6146.292
-6144.469
-6154.456
-6170.864
-6145.545
-6150.931
-6150.92
-6176.34
-6134.363
-6136.208
-6140.131
-6137.095
-6139.941
-6148.833
-6142.293
-6156.872
-6150.494
-6131.316
-6136.305
-6140.031
-6140.941
-6137.922
-6134.776
-6144.607
-6134.131
-6135.731
-6145.771
-6136.757
-6144.668
-6133.538
-6131.062
-6135.661
-6139.554
-6133.824
-6133.583
-6145.327
-6151.488
-6141.357
-6150.413
-6143.508
-6151.278
-6135.184
-6151.347
-6155.933
-6133.973
-6135.907
-6135.381
-6156.358
-6136.308
-6133.173
-6139.975
-6144.993
-6149.753
-6142.755
-6147.721
-6148.737
-6144.768
-6140.516
-6142.343
-6134.281
-6141.075
-6145.328
-6138.421
-6145.045
-6154.105
-6142.886
-6132.995
-6145.94
-6140.903
-6145.988
-6134.517
-6135.287
-6144.599
-6135.347
-6139.922
-6134.774
-6149.183
-6135.282
-6144.092
-6148.016
-6139.279
-6133.641
-6136.75
-6144.736
-6144.857
-6146.026
-6142.344
-6145.515
-6135.909
-6166.653
-6163.275
-6137.169
-6140.805
-6136.154
-6134.259
-6142.726
-6151.907
-6138.046
-6142.7
-6154.464
-6152.783
-6133.745
-6159.813
-6140.747
-6138.837
-6135.2
-6143.88
-6149.857
-6151.872
-6151.152
-6145.378
-6142.749
-6150.681
-6143.635
-6140.352
-6147.35
-6135.684
-6144.142
-6137.185
-6142.482
-6134.644
-6140.215
-6164.584
-6136.095
-6135.013
-6179.154
-6136.419
-6153.319
-6140.251
-6141.257
-6137.418
-6142.928
-6139.816
-6146.908
-6151.739
-6143.836
-6161.739
-6147.371
-6147.718
-6141.253
-6134.643
-6132.249
-6166.238
-6141.342
-6133.356
-6145.655
-6136.799
-6144.414
-6147.235
-6138.799
-6144.669
-6142.232
-6142.852
-6145.904
-6142.316
-6154.176
-6148.738
-6141.192
-6137.983
-6140.925
-6161.456
-6156.752
-6148.344
-6141.668
-6140.804
-6153.594
-6149.999
-6133.412
-6140.272
-6133.979
-6137.897
-6132.038
-6132.205
-6140.261
-6149.994
-6136.236
-6148.23
-6155.896
-6145.849
-6165.822
-6133.281
-6139.002
-6133.24
-6134.809
-6139.926
-6153.269
-6157.003
-6146.175
-6141.445
-6133.993
-6145.783
-6141.616
-6146.539
-6141.669
-6144.278
-6135.126
-6134.734
-6136.906
-6145.726
-6137.697
-6144.872
-6137.615
-6147.57
-6145.932
-6147.441
-6140.303
-6145.911
-6145.367
-6134.556
-6148.357
-6176.041
-6137.126
-6147.497
-6147.715
-6139.752
-6136.165
-6133.152
-6145.312
-6147.08
-6140.872
-6140.206
-6137.705
-6153.053
-6170.086
-6147.105
-6140.723
-6137.371
-6141.313
-6149.903
-6139.264
-6144.853
-6134.754
-6139.643
-6153.164
-6147.496
-6137.353
-6158.068
-6141.924
-6148.374
-6142.284
-6134.671
-6136.206
-6158.746
-6136.506
-6141.892
-6140.839
-6136.615
-6135.791
-6143.761
-6149.032
-6136.451
-6136.295
-6155.04
-6140.844
-6141.265
-6144.535
-6140.958
-6138.791
-6154.656
-6145.935
-6147.413
-6167.625
-6153.048
-6155.226
-6144.589
-6173.526
-6143.649
-6137.683
-6146.593
-6166.367
-6141.854
-6139.478
-6165.543
-6137.581
-6150.676
-6134.916
-6145.921
-6147.84
-6133.382
-6140.252
-6143.298
-6143.967
-6134.232
-6134.163
-6147.192
-6134.975
-6137.651
-6141.381
-6137.276
-6143.969
-6141.313
-6143.557
-6133.177
-6134.302
-6139.259
-6134.618
-6157.303
-6148.542
-6142.726
-6137.196
-6145.825
-6136.183
-6145.541
-6144.813
-6132.417
-6133.252
-6141.214
-6144.83
-6152.317
-6139.669
-6134.007
-6136.72
-6136.699
-6145.195
-6136.059
-6134.805
-6135.533
-6151.657
-6142.452
-6145.083
-6170.869
-6141.505
-6137.821
-6141.133
-6150.648
-6149.415
-6146.244
-6141.044
-6134.893
-6133.504
-6137.842
-6145.291
-6137.596
-6137.737
-6151.595
-6149.285
-6146.06
-6139.807
-6135.23
-6137.02
-6137.553
-6135.931
-6139.623
-6141.938
-6140.366
-6140.113
-6152.65
-6137.938
-6165.662
-6150.175
-6139.906
-6144.92
-6136.718
-6141.128
-6135.621
-6147.538
-6131.182
-6132.272
-6137.626
-6153.655
-6135.012
-6133.135
-6142.573
-6162.116
-6138.392
-6139.087
-6142.265
-6137.827
-6145.082
-6141.514
-6148.951
-6140.894
-6136.666
-6144.941
-6134.317
-6133.772
-6136.549
-6142.055
-6163.704
-6136.433
-6146.055
-6144.251
-6146.912
-6147.724
-6141.544
-6139.938
-6140.426
-6137.738
-6136.944
-6135.361
-6134.319
-6152.062
-6137.798
-6140.171
-6160.104
-6135.048
-6138.83
-6138.202
-6155.785
-6140.506
-6150.76
-6144.461
-6149.501
-6134.489
-6135.339
-6144.383
-6138.71
-6140.236
-6143.477
-6164.418
-6148.853
-6143.466
-6154.455
-6144.784
-6138.921
-6144.394
-6143.458
-6162.65
-6137.32
-6143.3
-6138.153
-6135.357
-6164.246
-6166.69
-6162.02
-6134.841
-6147.096
-6143.539
-6143.784
-6142.148
-6148.291
-6134.759
-6142.903
-6144.655
-6149.591
-6143.445
-6146.626
-6140.683
-6154.506
-6166.551
-6164.334
-6148.77
-6138.788
-6138.351
-6136.85
-6142.388
-6144.976
-6153.143
-6140.232
-6169.321
-6144.959
-6142.693
-6135.438
-6138.34
-6141.91
-6141.922
-6145.297
-6136.649
-6137.824
-6135.486
-6140.255
-6146.249
-6166.112
-6136.503
-6152.252
-6149.674
-6143.509
-6141.033
-6150.477
-6139.546
-6155.039
-6147.426
-6140.421
-6143.649
-6138.985
-6150.563
-6147.091
-6146.672
-6150.26
-6137.188
-6145.187
-6150.709
-6137.06
-6159.227
-6156.131
-6141.953
-6151.949
-6140.533
-6157.247
-6138.968
-6140.335
-6136.348
-6148.029
-6140.383
-6167.194
-6148.47
-6139.413
-6136.682
-6141.113
-6135.369
-6138.084
-6134.435
-6153.249
-6134.285
-6148.504
-6130.574
-6138.977
-6136.434
-6137.011
-6136.829
-6132.695
-6154.031
-6136.223
-6133.004
-6165.345
-6139.257
-6136.887
-6134.207
-6147.793
-6134.297
-6133.197
-6133.889
-6140.873
-6141.536
-6139.445
-6135.262
-6150.685
-6141.565
-6144.734
-6146.683
-6137.862
-6141.886
-6184.963
-6138.054
-6148.566
-6140.961
-6152.059
-6149.626
-6144.968
-6136.839
-6145.104
-6143.437
-6142.157
-6154.521
-6139.866
-6139.375
-6135.371
-6143.939
-6153.486
-6139.194
-6153.175
-6140.12
-6163.437
-6140.314
-6145.186
-6136.22
-6134.103
-6152.17
-6143.207
-6139.158
-6141.38
-6141.05
-6143.495
-6144.362
-6145.973
-6134.804
-6170.338
-6145.826
-6137.841
-6146.075
-6141.233
-6146.444
-6164.471
-6139.171
-6138.023
-6149.715
-6155.429
-6138.903
-6139.435
-6137.363
-6143.48
-6147.002
-6136.059
-6137.526
-6141.171
-6141.761
-6147.028
-6143.916
-6157.076
-6139.903
-6140.064
-6140.97
-6139.779
-6150.777
-6138.425
-6133.099
-6135.28
-6146.158
-6131.472
-6137.365
-6134.725
-6144.232
-6140.177
-6138.387
-6136.134
-6146.712
-6146.704
-6162.144
-6146.837
-6145.401
-6136.242
-6151.476
-6143.221
-6134.885
-6141.238
-6134.129
-6138.327
-6140.855
-6141.075
-6135.68
-6148.819
-6142.978
-6144.092
-6134.519
-6139.336
-6147.029
-6144.409
-6138.668
-6137.131
-6138.141
-6135.293
-6143.777
-6140.432
-6132.602
-6154.259
-6136.138
-6137.247
-6135.784
-6136.338
-6142.095
-6138.5
-6132.753
-6136.613
-6135.638
-6145.973
-6138.981
-6132.607
-6141.45
-6140.197
-6152.737
-6142.182
-6144.1
-6137.712
-6134.825
-6158.529
-6138.896
-6167.498
-6135.418
-6135.898
-6142.774
-6146.318
-6158.291
-6141.3
-6140.323
-6139.444
-6136.449
-6133.931
-6142.979
-6136.152
-6135.675
-6144.482
-6139.793
-6142.772
-6137.18
-6138.795
-6136.228
-6136.272
-6132.658
-6150.383
-6165.979
-6138.659
-6140.82
-6132.84
-6141.418
-6137.307
-6137.211
-6140.079
-6140.526
-6137.024
-6135.418
-6134.27
-6154.91
-6141.141
-6145.066
-6137.28
-6143.258
-6139.522
-6150.177
-6136.214
-6156.313
-6140.037
-6159.673
-6133.619
-6139.956
-6137.628
-6138.248
-6144.976
-6145.443
-6165.884
-6138.456
-6142.02
-6139.566
-6138.224
-6160.271
-6136.959
-6175.442
-6136.969
-6138.209
-6135.034
-6140.929
-6167.718
-6133.848
-6147.347
-6143.119
-6142.043
-6143.104
-6136.612
-6143.985
-6160.185
-6136.838
-6140.97
-6137.874
-6138.473
-6142.487
-6133.232
-6142.464
-6141.479
-6138.643
-6139.178
-6137.82
-6136.785
-6138.985
-6136.172
-6136.1
-6144.35
-6143.349
-6141.074
-6134.016
-6140.091
-6148.829
-6136.274
-6145.085
-6141.585
-6138.161
-6134.57
-6139.292
-6152.563
-6146.061
-6133.41
-6142.615
-6137.366
-6137.132
-6138.483
-6142.9
-6142.835
-6154.995
-6149.694
-6147.448
-6141.233
-6134.406
-6137.658
-6133.379
-6174.338
-6146.061
-6146.141
-6136.843
-6148.473
-6144.379
-6136.216
-6137.627
-6134.554
-6151.648
-6138.925
-6187.042
-6164.809
-6142.449
-6142.4
-6152.059
-6154.996
-6138.314
-6138.948
-6145.173
-6145.534
-6143.752
-6143.926
-6156.165
-6158.968
-6139.617
-6148.058
-6148.849
-6137.36
-6136.742
-6146.067
-6137.562
-6148.501
-6160.314
-6142.032
-6144.852
-6155.012
-6139.32
-6141.801
-6145.793
-6136.985
-6145.536
-6144.922
-6141.694
-6142.656
-6150.534
-6161.043
-6142.648
-6153.889
-6147.68
-6146.236
-6143.055
-6138.8
-6149.01
-6139.197
-6152.226
-6163.922
-6141.066
-6137.968
-6160.653
-6137.979
-6169.093
-6143.938
-6154.485
-6142.543
-6143.752
-6135.104
-6143.114
-6138.59
-6141.773
-6141.491
-6154.082
-6150.476
-6133.387
-6135.716
-6139.427
-6184.568
-6153.884
-6150.555
-6143.04
-6162.494
-6152.731
-6144.236
-6149.29
-6158.119
-6141.453
-6151.423
-6156.379
-6141.107
-6154.752
-6137.619
-6138.448
-6170.536
-6152.049
-6156.405
-6166.78
-6145.909
-6149.4
-6172.571
-6145.718
-6136.856
-6140.265
-6157.359
-6140.698
-6140.542
-6138.367
-6142.644
-6147.075
-6166.637
-6141.639
-6133.303
-6141.574
-6144.337
-6144.013
-6138.307
-6146.821
-6139.026
-6145.734
-6141.016
-6155.221
-6166.412
-6145.781
-6139.951
-6140.009
-6140
-6146.336
-6141.312
-6135.845
-6143.437
-6152.599
-6143.546
-6147.814
-6135.882
-6143.261
-6144.541
-6150.383
-6149.034
-6140.457
-6140.76
-6134.303
-6149.279
-6138.051
-6142.971
-6149.501
-6138.387
-6155.348
-6139.46
-6142.368
-6141.519
-6138.209
-6148.235
-6142.791
-6148.197
-6148.817
-6143.483
-6138.305
-6134.258
-6136.654
-6134.44
-6143.368
-6152.578
-6140.324
-6140.252
-6159.668
-6144.342
-6136.201
-6133.235
-6137.407
-6213.148
-6145.788
-6142.727
-6145.705
-6132.6
-6163.993
-6149.348
-6139.394
-6161.03
-6132.979
-6140.934
-6139.918
-6144.533
-6136.6
-6137.551
-6148.419
-6141.489
-6147.099
-6133.182
-6142.474
-6156.208
-6137.125
-6151.314
-6145.422
-6135.268
-6148.383
-6133.624
-6150.6
-6135.647
-6150.692
-6139.554
-6146.8
-6139.12
-6138.027
-6156.357
-6137.896
-6137.379
-6136.497
-6135.973
-6134.052
-6135.541
-6147.303
-6137.741
-6140.421
-6144.1
-6139.099
-6141.027
-6140.493
-6148.315
-6140.451
-6144.65
-6145.963
-6133.612
-6143.808
-6137.466
-6143.932
-6139.792
-6134.559
-6134.564
-6133.058
-6136.829
-6140.355
-6139.283
-6133.793
-6136.978
-6139.26
-6135.437
-6150.343
-6161.702
-6138.94
-6148.244
-6140.969
-6138.027
-6147.971
-6147.203
-6137.133
-6146.307
-6131.894
-6134.18
-6133.986
-6159.461
-6137.694
-6142.769
-6137.421
-6140.466
-6136.241
-6138.198
-6137.506
-6136.399
-6144.745
-6139.336
-6141.706
-6138.063
-6143.458
-6145.107
-6144.576
-6142.644
-6174.671
-6140.757
-6139.725
-6142.63
-6148.994
-6133.355
-6160.692
-6142.548
-6141.605
-6165.285
-6147.639
-6140.908
-6144.487
-6158.431
-6135.922
-6142.603
-6136.163
-6163.278
-6147.221
-6149.442
-6136.721
-6150.313
-6142.338
-6148.793
-6144.459
-6139.48
-6142.869
-6145.732
-6171.267
-6149.402
-6133.441
-6156.579
-6148.182
-6144.192
-6143.371
-6147.236
-6140.32
-6139.004
-6145.928
-6143.87
-6141.457
-6142.382
-6140.336
-6144.436
-6136.212
-6142.522
-6142.001
-6136.8
-6145.809
-6157.318
-6135.995
-6146.127
-6142.66
-6140.74
-6135.816
-6143.438
-6148.061
-6136.139
-6137.6
-6145.891
-6139.087
-6137.199
-6142.641
-6147.3
-6135.255
-6160.25
-6147.052
-6142.501
-6143.764
-6139.683
-6145.768
-6135.605
-6146.891
-6148.974
-6145.006
-6141.694
-6133.851
-6153.891
-6136.769
-6135.296
-6145.627
-6136.743
-6143.898
-6164.555
-6137.648
-6136.682
-6136.819
-6136.134
-6151.487
-6146.467
-6137.235
-6138.513
-6158.279
-6145.388
-6137.692
-6137.16
-6140.446
-6152.927
-6155.725
-6147.902
-6139.104
-6137.499
-6141.002
-6134.821
-6140.153
-6153.46
-6137.529
-6143.328
-6161.153
-6141.734
-6141.66
-6143.271
-6161.628
-6141.168
-6147.379
-6136.035
-6139.382
-6143.082
-6138.873
-6151.977
-6148.431
-6138.751
-6149.586
-6137.285
-6136.023
-6143.331
-6184.425
-6155.208
-6137.313
-6144.567
-6139.816
-6143.632
-6139.808
-6143.943
-6155.807
-6138.846
-6138.713
-6135.69
-6159.093
-6140.652
-6135.754
-6156.972
-6138.343
-6153.773
-6156.744
-6156.157
-6153.46
-6138.207
-6167.159
-6143.485
-6147.034
-6150.749
-6141.974
-6148.14
-6151.821
-6153.35
-6142.149
-6134.627
-6135.416
-6144.749
-6135.74
-6137.074
-6139.551
-6149.7
-6148.339
-6135.917
-6165.458
-6139.966
-6141.451
-6142.571
-6147.116
-6145.173
-6158.703
-6153.892
-6138.705
-6149.267
-6137.709
-6146.397
-6144.978
-6136.522
-6140.002
-6149.4
-6148.58
-6144.541
-6136.105
-6152.025
-6144.413
-6146.35
-6142.481
-6153.703
-6146.773
-6137.054
-6152.937
-6153.566
-6162.334
-6147.591
-6145.589
-6145.532
-6143.292
-6139.885
-6145.63
-6139.017
-6146.108
-6149.568
-6136.32
-6152.778
-6145.112
-6137.926
-6137.14
-6141.732
-6137.536
-6167.053
-6145.028
-6161.848
-6141.336
-6143.982
-6143.121
-6144.647
-6180.261
-6135.302
-6149.947
-6133.524
-6157.175
-6144.851
-6144.556
-6141.941
-6140.171
-6132.845
-6141.12
-6140.604
-6159.535
-6135.744
-6142.413
-6151.741
-6151.02
-6140.383
-6153.568
-6143.115
-6136.52
-6142.824
-6136.045
-6135.257
-6146.682
-6138.526
-6137.088
-6166.362
-6137.805
-6136.23
-6135.861
-6142.006
-6138.142
-6139.538
-6142.9
-6143.42
-6142.877
-6140.16
-6159.828
-6144.389
-6145.308
-6133.154
-6141.853
-6136.239
-6146.049
-6132.29
-6133.725
-6154.86
-6137.404
-6149.907
-6146.346
-6139.773
-6148.459
-6135.167
-6139.572
-6136.653
-6139.348
-6155.672
-6141.73
-6152.498
-6139.982
-6143.935
-6142.473
-6134.175
-6135.382
-6156.696
-6145.798
-6158.847
-6140.36
-6135.316
-6144.087
-6137.673
-6140.034
-6154.194
-6138.853
-6145.133
-6142.988
-6137.774
-6156.669
-6173.992
-6146.281
-6140.1
-6155.53
-6141.272
-6133.855
-6146.725
-6152.909
-6139.059
-6137.434
-6153.192
-6132.947
-6147.343
-6142.379
-6139.003
-6139.349
-6137.29
-6136.165
-6146.199
-6140.095
-6147.118
-6145.44
-6139.162
-6135.657
-6140.547
-6141.931
-6138.986
-6143.134
-6137.39
-6139.948
-6139.36
-6135.679
-6136.608
-6142.805
-6138.47
-6140.27
-6147.824
-6136.899
-6136.588
-6138.1
-6156.145
-6150.02
-6140.158
-6144.964
-6144.065
-6145.467
-6140.964
-6152.341
-6147.436
-6139.421
-6145.695
-6140.767
-6133.272
-6136.063
-6168.648
-6133.907
-6138.66
-6166.283
-6155.026
-6132.016
-6147.96
-6131.393
-6138.591
-6140.851
-6137.841
-6138.088
-6134.796
-6137.443
-6137.868
-6136.431
-6136.516
-6144.622
-6143.023
-6153.514
-6138.377
-6136.519
-6162.23
-6147.409
-6134.829
-6139.542
-6143.151
-6138.688
-6133.801
-6139.668
-6137.133
-6133.877
-6142.793
-6133.609
-6135.45
-6137.999
-6133.827
-6145.248
-6136.135
-6141.594
-6140.296
-6133.369
-6133.446
-6146.28
-6137.219
-6136.209
-6139.807
-6137.144
-6136.501
-6149.027
-6143.686
-6148.533
-6140.934
-6135.478
-6139.038
-6138.723
-6140.423
-6134.007
-6140.709
-6146.221
-6139.606
-6135.776
-6146.372
-6137.817
-6161.22
-6136.793
-6134.458
-6146.14
-6162.116
-6135.51
-6133.582
-6149.06
-6141.516
-6140.257
-6137.037
-6139.439
-6143.292
-6144.568
-6133.712
-6143.096
-6139.293
-6141.377
-6141.174
-6136.906
-6155.638
-6136.377
-6152.132
-6140.056
-6143.909
-6144.057
-6152.792
-6134.454
-6154.409
-6145.326
-6133.518
-6133.761
-6141.058
-6141.907
-6142.787
-6157.598
-6135.217
-6143.297
-6133.272
-6136.893
-6138.879
-6144.126
-6133.336
-6137.023
-6144.289
-6141.992
-6149.13
-6136.17
-6141.824
-6139.322
-6161.876
-6153.392
-6144.02
-6141.506
-6142.519
-6145.712
-6143.593
-6137.535
-6140.205
-6138.509
-6143.818
-6167.782
-6152.289
-6147.151
-6140.629
-6152.124
-6145.573
-6135.043
-6139.907
-6141.397
-6150.43
-6142.698
-6138.862
-6141.937
-6164.768
-6151.563
-6145.552
-6145.38
-6134.741
-6163.948
-6142.883
-6166.655
-6141.837
-6152.625
-6140.899
-6136.447
-6159.607
-6138.575
-6138.193
-6137.453
-6140.842
-6142.813
-6137.032
-6152.966
-6143.295
-6136.136
-6150.701
-6150.489
-6145.201
-6148.945
-6136.77
-6136.659
-6143.731
-6156.096
-6140.669
-6155.745
-6163.051
-6140.175
-6142.909
-6150.068
-6143.222
-6157.711
-6145.791
-6159.13
-6136.429
-6172.922
-6140.915
-6155.145
-6142.496
-6145.274
-6138.698
-6135.611
-6145.068
-6166.021
-6140.128
-6141.71
-6166.148
-6139.702
-6151.402
-6148.018
-6147.791
-6136.488
-6149.018
-6138.818
-6136.079
-6144.679
-6143.306
-6140.62
-6143.445
-6136.916
-6142.365
-6144.823
-6136.589
-6138.048
-6146.535
-6149.658
-6138.907
-6152.962
-6145.888
-6141.381
-6139.798
-6136.799
-6154.309
-6147.339
-6142.316
-6158.977
-6146.482
-6141.172
-6152.24
-6141.771
-6133.756
-6134.321
-6149.514
-6148.546
-6154.323
-6135.729
-6137.452
-6155.902
-6144.471
-6134.811
-6137.843
-6143.551
-6150.579
-6139.866
-6143.409
-6138.312
-6142.718
-6137.334
-6144.526
-6144.134
-6145.377
-6149.844
-6140.069
-6145.183
-6132.851
-6160.58
-6137.834
-6150.326
-6141.809
-6134.59
-6183.951
-6157.245
-6137.159
-6136.694
-6137.358
-6134.237
-6141.781
-6138.459
-6138.077
-6143.678
-6155.504
-6153.371
-6137.789
-6135.399
-6141.416
-6155.641
-6138.68
-6148.482
-6135.621
-6142.704
-6143.247
-6139.133
-6144.553
-6146.32
-6155.99
-6156.731
-6141.939
-6150.715
-6183.644
-6139.611
-6142.852
-6145.167
-6138.594
-6139.269
-6138.509
-6142.662
-6137.202
-6152.141
-6157.092
-6140.474
-6147.403
-6141.059
-6148.15
-6145.317
-6140.091
-6145.971
-6140.129
-6142.829
-6140.893
-6137.867
-6150.178
-6144.631
-6143.155
-6132.46
-6148.596
-6163.196
-6136.378
-6132.218
-6141.603
-6138.032
-6152.879
-6137.789
-6134.192
-6136.483
-6152.254
-6138.663
-6138.567
-6143.351
-6145.381
-6137.208
-6133.014
-6132.226
-6133.953
-6134.803
-6139.663
-6135.717
-6146.362
-6157.917
-6133.984
-6133.456
-6143.389
-6133.461
-6141.252
-6147.682
-6142.074
-6146.858
-6150.378
-6136.559
-6166.507
-6135.346
-6140.295
-6139.959
-6133.034
-6135.109
-6141.639
-6148.221
-6133.38
-6145.965
-6138.425
-6143.388
-6136.416
-6139.945
-6134.385
-6136.547
-6138.142
-6133.258
-6152.057
-6147.839
-6137.02
-6150.624
-6143.991
-6148.891
-6135.071
-6131.629
-6133.244
-6133.531
-6139.621
-6155.479
-6145.331
-6146.272
-6133.602
-6140.661
-6140.801
-6134.616
-6140.686
-6150.983
-6141.549
-6136.872
-6144.596
-6136.067
-6141.956
-6140.526
-6144.795
-6132.619
-6140.277
-6147.497
-6155.61
-6138.941
-6147.299
-6134.411
-6156.502
-6139.539
-6133.659
-6137.251
-6136.791
-6135.332
-6136.889
-6134.276
-6135.157
-6135.84
-6135.436
-6143.867
-6136.036
-6134.666
-6136.733
-6133.662
-6142.785
-6144.901
-6140.138
-6141.519
-6137.444
-6140.265
-6148.699
-6139.55
-6137.613
-6155.592
-6135.375
-6142.108
-6160.14
-6150.163
-6148.716
-6137.035
-6136.995
-6143.801
-6141.391
-6134.249
-6147.971
-6145.57
-6141.016
-6133.963
-6132.841
-6136.56
-6142.091
-6135.953
-6137.451
-6144.253
-6137.414
-6137.045
-6142.969
-6136.465
-6142.848
-6133.73
-6147.609
-6135.697
-6160.994
-6134.531
-6139.33
-6139.815
-6134.699
-6145.253
-6137.43
-6151.319
-6151.913
-6163.717
-6133.133
-6142.198
-6142.547
-6145.699
-6138.128
-6138.092
-6143.224
-6140.929
-6137.277
-6137.573
-6145.866
-6150.206
-6141.564
-6133.986
-6133.173
-6141.701
-6151.447
-6136.243
-6139.768
-6136.492
-6133.942
-6145.232
-6146.747
-6136.126
-6137.723
-6144.387
-6141.826
-6144.429
-6137.911
-6136.201
-6146.221
-6137.065
-6143.975
-6154.264
-6139.821
-6139.948
-6144.073
-6150.975
-6140.471
-6132.046
-6148.088
-6138.214
-6134.978
-6134.933
-6138.206
-6137.046
-6137.047
-6140.422
-6138.065
-6140.574
-6136.46
-6139.488
-6134.258
-6139.612
-6133.845
-6164.613
-6146.885
-6136.511
-6159.167
-6144.715
-6133.377
-6137.523
-6136.321
-6140.602
-6133.303
-6140.497
-6146.519
-6137.547
-6146.995
-6141.386
-6138.345
-6145.819
-6140.23
-6137.25
-6145.157
-6141.621
-6144.411
-6133.364
-6136.311
-6140.278
-6136.807
-6146.353
-6134.63
-6144.247
-6134.901
-6137.494
-6141.981
-6138.88
-6148.948
-6145.454
-6134.796
-6138.202
-6135.571
-6174.245
-6131.856
-6141.146
-6141.686
-6136.296
-6139.317
-6138.082
-6139.213
-6130.768
-6139.209
-6139.324
-6142.513
-6133.872
-6136.038
-6137.773
-6135.017
-6147.512
-6149.303
-6139.405
-6137.981
-6135.089
-6135.948
-6137.066
-6140.136
-6141.764
-6158.114
-6132.256
-6167.142
-6139.412
-6137.239
-6157.555
-6133.112
-6136.917
-6173.538
-6133.061
-6145.989
-6132.012
-6134.229
-6134.05
-6151.19
-6139.639
-6135.49
-6137.026
-6140.337
-6178.575
-6146.019
-6138.892
-6140.653
-6145.585
-6134.448
-6143.626
-6153.437
-6136.613
-6142.016
-6146.607
-6138.553
-6134.939
-6135.429
-6150.258
-6142.45
-6165.593
-6137.979
-6139.275
-6153.733
-6140.283
-6138.291
-6147.385
-6142.024
-6140.574
-6134.899
-6146.154
-6137.512
-6136.028
-6151.225
-6156.146
-6132.348
-6141.443
-6138.409
-6140.415
-6140.896
-6136.574
-6146.42
-6138.459
-6146.522
-6135.597
-6137.459
-6136.911
-6142.801
-6143.471
-6164.834
-6141.536
-6136.862
-6144.614
-6139.282
-6144.912
-6135.709
-6142.661
-6134.888
-6133.328
-6141.672
-6137.443
-6155.308
-6154.044
-6141.93
-6148.267
-6142.649
-6150.586
-6152.405
-6142.036
-6146.03
-6141.811
-6138.731
-6139.714
-6163.433
-6139.755
-6157.134
-6144.633
-6142.402
-6140.879
-6142.316
-6139.671
-6161.515
-6139.64
-6141.701
-6141.353
-6148.368
-6142.982
-6145.11
-6133.935
-6139.802
-6145.217
-6140.168
-6154.899
-6144.78
-6140.546
-6135.437
-6137.817
-6150.025
-6133.705
-6151.241
-6153.945
-6135.472
-6143.997
-6144.105
-6153.6
-6158.458
-6168.31
-6135.962
-6143.922
-6134.066
-6167.869
-6139.53
-6134.793
-6162.236
-6151.589
-6135.87
-6136.399
-6151.388
-6149.651
-6145.463
-6136.14
-6145.014
-6170.638
-6142.358
-6145.638
-6145.773
-6150.124
-6140.186
-6142.492
-6136.786
-6140.637
-6138.464
-6144.417
-6141.827
-6147.906
-6144.804
-6136.053
-6146.907
-6139.211
-6138.101
-6137.918
-6143.114
-6141.397
-6146.39
-6137.386
-6144.782
-6146.435
-6146.894
-6145.891
-6144.892
-6141.285
-6141.429
-6137.219
-6137.673
-6148.217
-6158.179
-6141.148
-6140.553
-6144.118
-6160.894
-6142.754
-6159.069
-6148.88
-6180.385
-6138.196
-6146.429
-6148.469
-6138.826
-6139.342
-6135.672
-6136.407
-6147.915
-6138.822
-6147.515
-6148.505
-6135.377
-6151.763
-6160.428
-6143.406
-6143.634
-6142.197
-6144.02
-6138.32
-6135.986
-6153.986
-6145.176
-6146.394
-6157.049
-6141.111
-6150.152
-6139.582
-6153.134
-6141.142
-6173.055
-6137.673
-6146.813
-6138.731
-6139.682
-6156.96
-6137.274
-6136.741
-6156.158
-6150.881
-6137.147
-6136.176
-6154.316
-6139.046
-6132.256
-6148.459
-6134.756
-6140.632
-6131.78
-6142.214
-6141.972
-6153.129
-6148.018
-6136.48
-6137.66
-6133.351
-6134.913
-6137.93
-6132.594
-6139.374
-6134.072
-6132.56
-6143.271
-6143.397
-6135.049
-6139.47
-6151.682
-6138.452
-6141.679
-6136.34
-6140.726
-6140.536
-6140.764
-6134.756
-6151.166
-6135.773
-6139.886
-6141.445
-6140.543
-6139.939
-6132.975
-6140.104
-6141.219
-6142.549
-6143.698
-6140.037
-6154.252
-6139.988
-6148.299
-6159.653
-6138.596
-6144.404
-6144.233
-6158.773
-6152.123
-6140.19
-6141.336
-6143.89
-6136.256
-6140.359
-6132.826
-6136.393
-6154.212
-6154.918
-6136.91
-6141.711
-6148.913
-6148.081
-6137.64
-6139.218
-6136.807
-6140.589
-6138.144
-6153.775
-6146.843
-6154.189
-6135.26
-6166.337
-6135.933
-6136.998
-6141.714
-6144.888
-6140.472
-6135.511
-6132.146
-6155.554
-6134.213
-6137.825
-6132.391
-6153.539
-6149.246
-6141.465
-6133.266
-6143
-6137.076
-6143.628
-6139.848
-6140.203
-6141.77
-6133.908
-6134.075
-6141.294
-6137.73
-6143.481
-6131.761
-6143.955
-6144.873
-6142.023
-6139.279
-6134.585
-6145.919
-6137.302
-6137.417
-6149.931
-6133.312
-6140.405
-6143.959
-6137.249
-6145.892
-6134.825
-6136.023
-6154.184
-6138.469
-6134.352
-6137.495
-6135.492
-6143.313
-6141.927
-6141.584
-6142.316
-6141.067
-6135.433
-6147.304
-6141.8
-6141.49
-6134.254
-6135.915
-6147.789
-6145.8
-6137.336
-6155.058
-6142.067
-6135.889
-6144.177
-6146.683
-6137.452
-6137.481
-6151.83
-6138.084
-6146.072
-6136.631
-6139.706
-6155.792
-6136.023
-6141.008
-6172.214
-6141.866
-6142.159
-6146.813
-6148.769
-6145.821
-6135.675
-6140.542
-6135.487
-6136.03
-6152.205
-6134.488
-6141.042
-6138.92
-6135.417
-6140.251
-6135.768
-6137.156
-6139.693
-6137.96
-6132.299
-6140.283
-6152.157
-6140.942
-6139.313
-6153.103
-6136.2
-6133.627
-6144.789
-6145.387
-6141.283
-6148.278
-6144.911
-6138.317
-6141.492
-6139.732
-6137.487
-6147.885
-6137.828
-6140.117
-6133.104
-6141.042
-6134.829
-6138.878
-6138.772
-6142.557
-6133.355
-6141.399
-6142.865
-6144.652
-6139.217
-6138.625
-6143.262
-6138.142
-6141.731
-6140.084
-6154.52
-6146.396
-6143.073
-6143.113
-6146.196
-6146.641
-6139.444
-6137.995
-6136.111
-6141.181
-6133.137
-6138.344
-6137.711
-6148.82
-6141.833
-6152.586
-6133.353
-6138.763
-6146.009
-6142.568
-6143.567
-6137.271
-6149.571
-6148.13
-6145.457
-6134.026
-6143.456
-6140.237
-6140.884
-6142.645
-6136.27
-6138.228
-6141.371
-6146.099
-6151.814
-6133.394
-6138.22
-6141.395
-6137.927
-6160.564
-6135.128
-6139.737
-6150.536
-6136.459
-6144.092
-6148.596
-6145.063
-6147.024
-6135.181
-6143.936
-6135.768
-6136.869
-6146.053
-6144.011
-6162.765
-6152.115
-6147.107
-6136.589
-6138.243
-6136.469
-6173.718
-6134.511
-6147.123
-6141.912
-6139.794
-6139.627
-6165.103
-6131.734
-6142.171
-6132.411
-6148.588
-6140.109
-6133.806
-6136.427
-6149.117
-6140.265
-6151.014
-6139.908
-6136.978
-6137.15
-6133.985
-6145.517
-6141.535
-6143.47
-6135.578
-6137.901
-6135.768
-6135.871
-6136.526
-6132.876
-6141.443
-6133.553
-6161.757
-6164.8
-6136.138
-6135.248
-6146.44
-6162.934
-6134.853
-6135.455
-6132.501
-6134.632
-6137.887
-6134.35
-6136.148
-6154.683
-6133.349
-6167.178
-6144.894
-6142.419
-6140.611
-6140.405
-6148.806
-6136.422
-6133.994
-6146.494
-6135.712
-6139.193
-6134.183
-6135.887
-6134.984
-6141.32
-6132.308
-6143.472
-6158.412
-6135.851
-6134.166
-6154.862
-6150.527
-6155.492
-6145.897
-6140.239
-6140.618
-6145.66
-6138.336
-6142.987
-6142.375
-6151.029
-6137.46
-6145.971
-6140.108
-6133.127
-6135.156
-6144.594
-6138.796
-6139.47
-6157.15
-6140.5
-6142.818
-6150.886
-6147.295
-6141.348
-6132.273
-6138.699
-6150.347
-6135.704
-6146.92
-6141.241
-6139.026
-6133.85
-6136.437
-6137.103
-6162.259
-6144.52
-6142.957
-6144.484
-6146.508
-6161.713
-6140.018
-6135.303
-6135.837
-6146.422
-6136.753
-6136.666
-6138.074
-6141.317
-6146.739
-6161.765
-6135.945
-6148.226
-6153.542
-6139.776
-6150.346
-6133.037
-6136.974
-6147.599
-6140.72
-6142.225
-6137.954
-6138.977
-6138.717
-6140.072
-6152.459
-6138.405
-6146.422
-6141.057
-6139.288
-6161.64
-6143.294
-6149.305
-6149.344
-6138.305
-6143.411
-6144.111
-6140.727
-6147.138
-6152.191
-6151.484
-6141.898
-6144.36
-6150.068
-6143.944
-6148.11
-6138.871
-6142.899
-6150.408
-6145.756
-6143.026
-6142.302
-6138.34
-6148.533
-6136.392
-6147.342
-6146.318
-6139.49
-6139.162
-6136.198
-6148.038
-6148.221
-6139.932
-6145.526
-6141.213
-6145.088
-6145.674
-6144.351
-6140.745
-6145.35
-6155.765
-6141.144
-6138.3
-6141.609
-6140.033
-6137.347
-6136.873
-6134.398
-6136.348
-6147.061
-6137.127
-6139.764
-6143.526
-6146.953
-6138.388
-6140.497
-6145.417
-6161.868
-6155.045
-6138.129
-6157.142
-6154.21
-6141.645
-6138.474
-6135.4
-6139.144
-6141.001
-6135.054
-6144.093
-6144.658
-6162.892
-6152.473
-6148.158
-6170.804
-6147.457
-6137.46
-6138.512
-6137.291
-6170.748
-6148.948
-6160.444
-6141.126
-6137.711
-6155.008
-6140.742
-6154.746
-6139.114
-6143.212
-6149.047
-6149.25
-6151.019
-6135.024
-6136.676
-6139.507
-6143.658
-6138.235
-6142.362
-6141.47
-6157.785
-6143.441
-6156.266
-6137.621
-6138.199
-6133.864
-6144.3
-6137.415
-6142.943
-6144.418
-6135.25
-6152.733
-6146.229
-6149.819
-6133.292
-6161.69
-6136.256
-6141.694
-6140.323
-6139.299
-6141.826
-6135.517
-6140.328
-6145.228
-6137.309
-6137.16
-6145.854
-6138.714
-6134.669
-6140.09
-6143.174
-6153.908
-6134.123
-6140.496
-6134.261
-6140.756
-6132.998
-6135.19
-6144.204
-6134.88
-6137.969
-6133.816
-6156.19
-6155.228
-6135.516
-6134.906
-6146.84
-6164.076
-6141.004
-6138.991
-6138.192
-6135.219
-6147.628
-6146.339
-6134.388
-6135.203
-6141.95
-6158.213
-6141.173
-6144.956
-6137.553
-6132.61
-6142.949
-6135.656
-6140.171
-6143.148
-6149.754
-6141.657
-6137.263
-6136.73
-6139.51
-6149.766
-6131.786
-6135.33
-6136.722
-6139.534
-6147.408
-6139.65
-6150.186
-6148.231
-6136.012
-6135.286
-6139.053
-6152.037
-6138.9
-6136.514
-6138.97
-6161.894
-6143.004
-6139.319
-6149.113
-6150.339
-6133.71
-6133.035
-6136.177
-6133.587
-6191.426
-6142.232
-6141.46
-6137.412
-6140.101
-6145.807
-6171.288
-6143.931
-6142.476
-6139.46
-6158.605
-6140.613
-6141.677
-6138.531
-6136.658
-6136.539
-6152.381
-6137.055
-6141.091
-6133.369
-6135.299
-6133.676
-6137.863
-6164.509
-6151.801
-6155.703
-6151.992
-6140.195
-6136.451
-6139.172
-6137.052
-6138.722
-6150.869
-6152.82
-6144.447
-6147.761
-6162.079
-6135.934
-6137.202
-6137.613
-6138.348
-6139.576
-6150.226
-6151.655
-6148.241
-6134.745
-6148.151
-6138.402
-6169.578
-6139.808
-6138.235
-6151.172
-6136.942
-6139.037
-6137.949
-6138.655
-6140.291
-6139.624
-6132.648
-6136.418
-6135.172
-6137.22
-6132.8
-6146.579
-6139.799
-6134.905
-6135.77
-6133.48
-6134.68
-6140.233
-6154.405
-6145.205
-6143.027
-6156.935
-6148.804
-6137.339
-6134.214
-6140.683
-6143.53
-6146.77
-6136.106
-6149.896
-6142.991
-6131.354
-6140.207
-6142.135
-6146.819
-6161.102
-6135.3
-6138.56
-6138.325
-6138.744
-6140.1
-6142.218
-6139.049
-6152.793
-6145.804
-6130.846
-6140.156
-6135.632
-6146.21
-6135.659
-6139.186
-6159.935
-6133.98
-6140.749
-6141.708
-6133.385
-6142.317
-6139.69
-6138.184
-6137.446
-6134.53
-6137.372
-6133.871
-6138.162
-6135.333
-6153.742
-6145.981
-6138.947
-6135.658
-6134.862
-6151.368
-6141.484
-6143.362
-6135.991
-6136.96
-6140.087
-6144.878
-6146.364
-6143.149
-6141.425
-6142.709
-6146.618
-6142.726
-6138.877
-6140.378
-6136.637
-6140.513
-6132.814
-6139.914
-6145.315
-6141.093
-6149.657
-6134.27
-6137.771
-6134.24
-6140.951
-6162.561
-6140.903
-6146.399
-6137.797
-6137.178
-6138.925
-6135.571
-6143.504
-6139.099
-6143.049
-6162.288
-6135.821
-6134.545
-6136.557
-6136.593
-6156.497
-6149.957
-6166.79
-6138.255
-6150.716
-6135.022
-6150.065
-6135.678
-6152.976
-6137.996
-6147.839
-6140.004
-6145.031
-6137.099
-6143.445
-6144.504
-6138.955
-6137.933
-6140.744
-6139.88
-6145.199
-6149.467
-6144.902
-6148.976
-6144.164
-6140.772
-6133.229
-6149.001
-6136.079
-6142.253
-6139.709
-6140.776
-6138.739
-6138.835
-6137.424
-6135.203
-6159.197
-6139.981
-6136.128
-6146.829
-6142.349
-6143.291
-6138.723
-6151.23
-6137.92
-6139.898
-6138.997
-6148.215
-6139.43
-6139.146
-6138.6
-6137.478
-6157.606
-6139.535
-6139.664
-6145.264
-6139.136
-6172.832
-6139.591
-6148.769
-6133.806
-6182.429
-6140.364
-6138.65
-6138.259
-6138.778
-6140.819
-6145.323
-6139.716
-6138.566
-6136.587
-6135.655
-6137.521
-6154.213
-6161.078
-6138.397
-6131.991
-6133.724
-6137.354
-6135.808
-6135.882
-6142.086
-6150.806
-6137.128
-6146.147
-6136.366
-6143.299
-6133.217
-6133.98
-6137.563
-6137.6
-6144.304
-6143.694
-6147.214
-6132.03
-6150.248
-6138.612
-6134.978
-6143.921
-6132.366
-6143.283
-6136.446
-6136.313
-6141.289
-6142.084
-6149.014
-6137.576
-6139.591
-6136.958
-6145.533
-6137.665
-6136.962
-6152.525
-6133.856
-6143.036
-6138.929
-6136.39
-6137.893
-6138.099
-6137.276
-6140.731
-6168.749
-6134.242
-6134.794
-6135.401
-6141.742
-6145.596
-6140.247
-6136.273
-6144.576
-6156.203
-6140.117
-6138.273
-6141.518
-6133.503
-6136.933
-6138.28
-6136.144
-6160.97
-6152.115
-6130.407
-6136.056
-6136.303
-6138.002
-6131.935
-6133.069
-6158.16
-6136.08
-6132.915
-6135.989
-6140.116
-6135.86
-6135.152
-6133.731
-6136.12
-6135.885
-6131.05
-6136.057
-6133.468
-6139.775
-6138.142
-6135.842
-6133.093
-6142.756
-6133.091
-6157.366
-6135.588
-6141.586
-6142.817
-6133.821
-6144.037
-6142.821
-6137.035
-6141.198
-6151.26
-6161.965
-6157.134
-6138.014
-6152.707
-6155.24
-6160.474
-6132.524
-6155.295
-6138.449
-6147.865
-6138.323
-6136.869
-6133.587
-6141.637
-6153.87
-6162.077
-6134.949
-6147.111
-6132.947
-6137.911
-6132.987
-6150.302
-6150.374
-6140.192
-6141.232
-6140.898
-6139.141
-6140.183
-6145.07
-6137.167
-6151.436
-6136.471
-6150.079
-6141.243
-6143.48
-6157.812
-6136.426
-6139.899
-6159.979
-6145.961
-6138.629
-6163.026
-6154.523
-6142.779
-6134.226
-6169.136
-6153.262
-6134.939
-6140.544
-6141.248
-6139.085
-6136.143
-6140.906
-6155.781
-6149.603
-6138.191
-6143.863
-6140.497
-6139.802
-6145.106
-6139.872
-6154.618
-6171.391
-6149.335
-6144.695
-6142.417
-6145.345
-6139.807
-6139.704
-6138.968
-6141.039
-6146.019
-6144.154
-6140.567
-6166.774
-6136.261
-6156.467
-6137.433
-6138.095
-6145.375
-6139.214
-6139.849
-6157.919
-6153.815
-6138.454
-6156.414
-6142.14
-6152.856
-6149.604
-6146.546
-6140.268
-6141.541
-6146.603
-6163.627
-6143.867
-6135.199
-6144.428
-6144.34
-6149.857
-6136.288
-6144.8
-6141.062
-6141.143
-6144.662
-6146.958
-6148.58
-6138.999
-6136.97
-6154.383
-6149.764
-6146.553
-6139.027
-6146.156
-6157.128
-6148.572
-6140.096
-6144.283
-6135.263
-6143.205
-6139.317
-6152.1
-6141.895
-6138.258
-6142.54
-6155.087
-6147.724
-6148.827
-6139.524
-6160.747
-6149.679
-6141.742
-6152.273
-6138.211
-6147.219
-6135.068
-6135.6
-6159.947
-6151.749
-6172.21
-6148.315
-6136.536
-6145.983
-6138.265
-6140.15
-6140.57
-6148.365
-6147.708
-6160.434
-6144.79
-6168.122
-6148.771
-6138.701
-6142.851
-6135.492
-6145.089
-6138.425
-6145.209
-6137.52
-6134.682
-6146.483
-6142.257
-6143.562
-6138.043
-6140.17
-6141.055
-6139.203
-6144.663
-6141.021
-6139.545
-6151.762
-6142.748
-6138.164
-6146.394
-6138.031
-6154
-6139.67
-6149.066
-6141.182
-6142.806
-6142.551
-6150.073
-6138.648
-6166.641
-6137.01
-6161.589
-6140.91
-6135.965
-6139.007
-6141.829
-6140.698
-6135.477
-6145.251
-6141.285
-6138.183
-6137.195
-6149.578
-6145.088
-6145.34
-6140.628
-6139.456
-6139.506
-6154.906
-6142.152
-6139.287
-6140.446
-6134.233
-6140.819
-6138.97
-6131.051
-6140.397
-6141.884
-6137.323
-6151.302
-6145.027
-6141.533
-6140.511
-6141.415
-6154.344
-6133.252
-6139.728
-6138.065
-6148.168
-6133.818
-6132.853
-6153.979
-6136.635
-6146.567
-6141.717
-6150.313
-6139.917
-6145.172
-6144.847
-6136.338
-6137.247
-6136.667
-6146.449
-6153.328
-6139.054
-6133.404
-6136.3
-6133.291
-6136.036
-6133.578
-6163.324
-6150.678
-6137.006
-6146.266
-6141.619
-6138.077
-6143.458
-6139.045
-6137.878
-6143.01
-6139.104
-6135.974
-6137.068
-6151.952
-6150.551
-6142.596
-6136.952
-6135.435
-6160.785
-6187.404
-6139.977
-6149.353
-6136.647
-6138.802
-6139.473
-6142.863
-6149.16
-6142.407
-6134.545
-6160.443
-6146.196
-6142.276
-6137.749
-6143.812
-6133.624
-6135.155
-6137.29
-6152.97
-6137.011
-6143.196
-6137.817
-6155.617
-6153.671
-6136.448
-6160.4
-6132.576
-6159.2
-6145.153
-6146.797
-6147.15
-6136.267
-6146.706
-6140.23
-6133.073
-6134.932
-6142.59
-6151.441
-6148.869
-6173.591
-6143.473
-6144.265
-6155.341
-6132.983
-6139.579
-6135.873
-6135.661
-6139.012
-6160.632
-6141.435
-6132.871
-6137.096
-6148.051
-6142.108
-6139.45
-6139.143
-6138.916
-6141.515
-6141.791
-6142.576
-6149.218
-6152.088
-6137.686
-6136.681
-6146.334
-6141.292
-6133.909
-6159.192
-6136.444
-6133.351
-6141.117
-6140.334
-6147.871
-6147.371
-6138.859
-6147.984
-6132.347
-6135.348
-6136.621
-6140.759
-6132.768
-6145.758
-6134.774
-6134.931
-6144.835
-6149.681
-6138.578
-6144.451
-6136.535
-6144.099
-6134.934
-6141.455
-6160.633
-6150.369
-6151.075
-6135.122
-6135.565
-6139.658
-6137.798
-6136.083
-6135
-6136.725
-6140.014
-6146.713
-6145.885
-6139.686
-6148.719
-6146.216
-6159.781
-6151.284
-6139.398
-6139.055
-6136.976
-6133.324
-6141.174
-6144.105
-6148.068
-6142.067
-6141.994
-6136.605
-6138.423
-6134.511
-6139.872
-6150.269
-6140.507
-6133.587
-6144.652
-6132.614
-6133.515
-6136.34
-6147.874
-6134.947
-6148.743
-6146.091
-6136.926
-6140.453
-6162.755
-6138.916
-6156.655
-6146.152
-6138.95
-6155.11
-6136.447
-6154.1
-6138.711
-6151.07
-6151.905
-6140.174
-6160.305
-6133.297
-6134.133
-6172.056
-6137.429
-6162.379
-6139.512
-6136.599
-6146.778
-6141.469
-6139.93
-6155.963
-6136.804
-6141.415
-6139.806
-6136.932
-6143.091
-6150.801
-6136.135
-6140.679
-6141.507
-6136.618
-6137.202
-6139.32
-6136.894
-6139.803
-6137.381
-6137.76
-6134.363
-6148.299
-6140.937
-6155.267
-6135.596
-6156.033
-6139.646
-6136.354
-6141.097
-6136.086
-6143.488
-6140.275
-6139.909
-6141.749
-6138.115
-6137.762
-6144.218
-6135.062
-6136.857
-6133.249
-6158.86
-6144.9
-6152.186
-6134.681
-6136.505
-6147.194
-6139.8
-6135.189
-6151.107
-6140.176
-6134.748
-6135.536
-6141.124
-6137.783
-6134.471
-6137.887
-6145.929
-6140.347
-6134.221
-6135.945
-6135.172
-6135.864
-6150.856
-6162.412
-6146.233
-6148.544
-6141.556
-6142.944
-6144.06
-6146.198
-6145.685
-6139.355
-6138.137
-6145.717
-6138.615
-6138.755
-6153.27
-6155.231
-6132.076
-6140.467
-6140.388
-6138.896
-6144.526
-6136.44
-6139.256
-6139.293
-6139.028
-6134.755
-6134
-6137.857
-6138.2
-6137.084
-6142.564
-6141.463
-6137.251
-6140.812
-6144.398
-6165.078
-6155.934
-6139.278
-6141.372
-6143.906
-6139.061
-6135.173
-6139.353
-6140.599
-6139.15
-6137.78
-6142.576
-6146.752
-6143.471
-6141.181
-6134.88
-6138.318
-6137.325
-6135.368
-6137.748
-6150.008
-6133.32
-6133.646
-6145.93
-6137.569
-6145.435
-6143.055
-6136.069
-6142.752
-6141.019
-6152.108
-6138.935
-6161.937
-6134.17
-6139.088
-6141.48
-6137.699
-6140.355
-6149.685
-6140.237
-6136.125
-6159.314
-6168.637
-6136.885
-6138.024
-6139.152
-6131.713
-6147.29
-6138.278
-6134.249
-6136.329
-6142.193
-6135.625
-6133.089
-6145.539
-6140.4
-6139.009
-6136.935
-6144.559
-6140.16
-6149.326
-6138.577
-6131.516
-6132.867
-6145.932
-6150.524
-6178.415
-6131.67
-6133.748
-6136.083
-6146.074
-6150.808
-6134.154
-6142.515
-6150.828
-6141.222
-6140.143
-6134.515
-6149.274
-6134.123
-6133.607
-6145.861
-6143.308
-6137.951
-6137.578
-6136.751
-6134.851
-6132.14
-6137.746
-6142.785
-6134.755
-6132.125
-6140.487
-6143.089
-6135.982
-6136.571
-6136.29
-6131.933
-6134.934
-6135.261
-6140.572
-6136.083
-6141.032
-6135.433
-6143.537
-6142.136
-6146.746
-6141.204
-6136.605
-6136.772
-6142.672
-6166.134
-6135.101
-6143.407
-6131.275
-6137.679
-6134.618
-6136.441
-6135.315
-6140.42
-6136.109
-6144.973
-6136.071
-6153.175
-6142.011
-6132.158
-6137.404
-6151.562
-6138.857
-6137.25
-6141.156
-6146.336
-6136.343
-6145.435
-6143.111
-6134.994
-6141.253
-6136.824
-6140.803
-6137.314
-6138.918
-6153.784
-6140.085
-6150.657
-6149.979
-6138.394
-6137.99
-6157.164
-6150.812
-6138.97
-6156.297
-6143.785
-6133.801
-6138.548
-6140.505
-6132.635
-6143.526
-6135.381
-6135.019
-6137.633
-6137.806
-6134.67
-6141.128
-6148.089
-6139.34
-6140.465
-6142.133
-6142.784
-6147.05
-6139.016
-6139.352
-6140.751
-6181.932
-6145.628
-6137.467
-6141.471
-6132.868
-6135.789
-6141.312
-6136.951
-6136.322
-6138.967
-6138.726
-6139.649
-6134.749
-6135.383
-6141.569
-6138.726
-6132.905
-6136.67
-6134.748
-6145.218
-6137.76
-6132.495
-6144.735
-6141.189
-6135.556
-6146.262
-6150.603
-6134.283
-6154.13
-6147.378
-6135.203
-6137.698
-6142.419
-6140.822
-6140.089
-6140.866
-6138.932
-6173.512
-6137.263
-6137.389
-6135.272
-6137.638
-6139.483
-6139.185
-6139.659
-6139.727
-6136.41
-6133.137
-6143.089
-6144.68
-6142.48
-6143.991
-6154.141
-6137.066
-6140.047
-6135.492
-6138.315
-6139.069
-6157.484
-6138.355
-6140.974
-6145.963
-6136.722
-6143.318
-6142.215
-6141.728
-6149.648
-6134.375
-6141.874
-6137.783
-6154.161
-6144.114
-6145.334
-6136.115
-6135.403
-6137.23
-6143.187
-6140.235
-6154.552
-6138.803
-6139.795
-6144.557
-6139.175
-6149.837
-6146.207
-6141.345
-6142.131
-6143.654
-6139.523
-6141.095
-6136.576
-6144.226
-6137.174
-6170.525
-6143.002
-6155.129
-6153.592
-6137.776
-6139.931
-6137.542
-6151.551
-6132.986
-6142.489
-6158.325
-6137.404
-6137.226
-6134.175
-6148.905
-6139.479
-6137.957
-6139.396
-6145.657
-6137.384
-6148.179
-6138.642
-6135.885
-6145.727
-6135.115
-6141.545
-6148.318
-6148.331
-6147.754
-6135.764
-6135.401
-6137.61
-6137.618
-6138.806
-6138.979
-6137.052
-6137.619
-6139.361
-6134.562
-6145.197
-6140.994
-6154.252
-6144.661
-6139.873
-6147.715
-6133.77
-6147.534
-6141.217
-6138.119
-6143.705
-6151.06
-6148.961
-6136.9
-6154.207
-6137.202
-6153.501
-6136.453
-6132.49
-6137.618
-6137.592
-6150.018
-6140.997
-6149.566
-6134.983
-6136.041
-6147.41
-6148.135
-6138.248
-6133.262
-6156.817
-6136.926
-6136.909
-6143.303
-6148.04
-6135.948
-6141.708
-6139.691
-6134.732
-6138.232
-6135.786
-6145.147
-6148.704
-6151.528
-6157.496
-6139.052
-6144.154
-6141.517
-6138.575
-6155.321
-6141.901
-6135.462
-6139.559
-6141.871
-6139.24
-6139.739
-6141.541
-6143.757
-6145.26
-6141.275
-6146.17
-6133.906
-6158.222
-6150.352
-6139.373
-6138.72
-6135.881
-6142.684
-6145.917
-6140.765
-6139.168
-6142.625
-6141.407
-6151.985
-6146.362
-6132.819
-6145.781
-6144.067
-6139.585
-6155.019
-6157.697
-6136.465
-6144.402
-6132.822
-6137.799
-6134.629
-6133.785
-6177.467
-6135.818
-6139.307
-6133.929
-6138.051
-6157.222
-6138.07
-6136.312
-6151.275
-6138.283
-6143.422
-6140.665
-6135.711
-6142.477
-6141.461
-6137.075
-6150.081
-6141.202
-6135.294
-6139.106
-6144.45
-6142.367
-6144.579
-6150.932
-6145.513
-6140.864
-6137.093
-6148.236
-6133.27
-6134.05
-6148.056
-6149.638
-6143.486
-6134.859
-6144.953
-6134.043
-6147.74
-6137.368
-6140.747
-6142.615
-6136.591
-6132.916
-6133.158
-6146.927
-6136.576
-6135.83
-6135.63
-6140.191
-6144.91
-6135.799
-6149.035
-6132.437
-6135.976
-6140.027
-6135.008
-6143.353
-6148.036
-6148.739
-6137.129
-6134.852
-6146.439
-6153.187
-6144.542
-6151.567
-6138.721
-6135.085
-6142.148
-6142.156
-6146.229
-6137.677
-6138.667
-6138.766
-6143.544
-6141.697
-6147.125
-6141.471
-6147.533
-6135.572
-6153.662
-6133.038
-6140.745
-6142.397
-6152.146
-6147.518
-6135.509
-6140.894
-6142.028
-6150.908
-6143.98
-6144.764
-6149.168
-6138.718
-6139.742
-6137.77
-6148.869
-6141.792
-6156.892
-6149.751
-6147.932
-6145.027
-6144.531
-6158.35
-6145.887
-6148.713
-6161.023
-6139.69
-6134.808
-6150.53
-6144.626
-6135.265
-6137.787
-6143.14
-6140.404
-6144.32
-6136.261
-6135.782
-6144.846
-6134.788
-6147.29
-6138.861
-6142.893
-6138.43
-6146.028
-6143.667
-6145.408
-6137.948
-6138.865
-6146.863
-6137.42
-6157.047
-6142.723
-6136.203
-6149.944
-6145.764
-6142.496
-6135.122
-6157.111
-6137.978
-6135.5
-6141.202
-6138.755
-6136.417
-6147.06
-6158.545
-6140.18
-6142.072
-6141.414
-6141.558
-6144.4
-6146.736
-6145.02
-6145.375
-6147.395
-6161.756
-6162.215
-6152.681
-6143.852
-6152.549
-6139.33
-6147.103
-6136.916
-6143.21
-6150.35
-6135.733
-6158.164
-6136.816
-6144.864
-6151.734
-6145.302
-6156.51
-6145.366
-6134.215
-6134.814
-6145.283
-6138.053
-6157.83
-6141.955
-6137.909
-6141.006
-6140.148
-6161.456
-6149.704
-6152.392
-6140.188
-6138.851
-6156.094
-6137.919
-6137.74
-6132.455
-6143.179
-6138.505
-6149.26
-6132.077
-6135.828
-6136.914
-6136.943
-6147.874
-6141.871
-6138.322
-6141.151
-6144.13
-6146.36
-6141.986
-6135.292
-6152.021
-6134.481
-6140.488
-6142.495
-6137.985
-6135.896
-6150.254
-6139.013
-6135.342
-6134.852
-6132.987
-6134.397
-6133.404
-6177.732
-6140.036
-6144.894
-6156.395
-6149.639
-6137.273
-6142.764
-6140.609
-6153.512
-6143.576
-6136.045
-6148.565
-6151.223
-6137.059
-6141.196
-6142.773
-6146.021
-6156.034
-6140.406
-6139.395
-6138.397
-6131.897
-6134.405
-6133.431
-6140.118
-6145.349
-6143.706
-6140.394
-6136.288
-6136.504
-6142.635
-6144.63
-6136.912
-6142.422
-6140.981
-6143.604
-6136.712
-6142.429
-6139.588
-6132.421
-6138.686
-6141.628
-6140.859
-6145.619
-6136.866
-6134.266
-6136.004
-6134.278
-6150.576
-6145.208
-6147.213
-6142.009
-6144.46
-6144.227
-6155.721
-6136.67
-6148.467
-6140.611
-6150.967
-6143.351
-6150.509
-6137.851
-6137.663
-6139.027
-6144.545
-6140.163
-6146.46
-6151.043
-6140.213
-6155.541
-6135.781
-6143.948
-6147.52
-6143.649
-6140.369
-6147.341
-6140.214
-6137.64
-6148.191
-6134.865
-6144.192
-6137.955
-6140.296
-6137.192
-6137.255
-6151.297
-6139.581
-6149.557
-6153.245
-6155.344
-6143.856
-6134.876
-6134.978
-6142.823
-6137.762
-6158.155
-6145.841
-6134.169
-6146.195
-6132.278
-6141.235
-6146.567
-6150.125
-6139.535
-6132.793
-6148.706
-6137.316
-6156.3
-6135.289
-6139.556
-6146.199
-6138.831
-6144.15
-6136.35
-6155.784
-6136.625
-6141.503
-6146.531
-6135.941
-6139.949
-6138.334
-6147.97
-6140.698
-6133.635
-6141.482
-6140.737
-6142.899
-6151.145
-6153.138
-6139.891
-6141.94
-6162.563
-6139.033
-6136.873
-6133.613
-6143.501
-6142.072
-6146.684
-6141.067
-6136.304
-6150.496
-6152.713
-6137.434
-6143.219
-6138.17
-6137.246
-6136.91
-6141.018
-6159.623
-6135.928
-6134.915
-6134.852
-6149.239
-6146.51
-6165.69
-6133.152
-6135.334
-6134.001
-6147.103
-6143.606
-6143.819
-6133.105
-6143.74
-6134.256
-6144.771
-6148.563
-6141.699
-6140.916
-6135.534
-6136.387
-6142.865
-6135.199
-6143.348
-6144.43
-6139.294
-6148.823
-6144.906
-6139.022
-6144.025
-6144.603
-6143.325
-6141.372
-6158.714
-6137.681
-6181.678
-6144.908
-6139.753
-6145.503
-6143.332
-6141.308
-6141.385
-6140.783
-6143.162
-6145.147
-6135.53
-6141.36
-6133.952
-6133.907
-6145.498
-6137.612
-6138.93
-6162.873
-6134.628
-6139.884
-6139.223
-6138.019
-6148.177
-6137.797
-6136.051
-6151.387
-6181.199
-6145.791
-6134.042
-6138.547
-6179.655
-6144.872
-6139.241
-6142.03
-6137.974
-6145.685
-6146.797
-6135.156
-6137.841
-6140.682
-6141.065
-6144.183
-6146.564
-6146.166
-6141.021
-6135.096
-6141.679
-6138.839
-6159.899
-6136.697
-6149.92
-6159.461
-6138.997
-6145.345
-6141.203
-6160.743
-6143.459
-6150.261
-6145.268
-6137.7
-6147.595
-6137.418
-6141.806
-6133.154
-6137.626
-6134.673
-6146.115
-6131.857
-6143.145
-6137.38
-6148.89
-6140.39
-6138.838
-6142.095
-6136.397
-6136.235
-6140.67
-6133.04
-6136.479
-6151.786
-6139.669
-6144.78
-6148.53
-6136.602
-6136.166
-6138.477
-6154.863
-6157.272
-6134.237
-6138.066
-6145.129
-6148.644
-6136.586
-6142.277
-6140.316
-6141.433
-6142.921
-6137.563
-6136.111
-6136.862
-6135.641
-6135.564
-6134.502
-6143.833
-6140.748
-6140.825
-6154.295
-6147.094
-6141.566
-6139.228
-6137.977
-6166.228
-6146.904
-6136.106
-6148.452
-6140.918
-6140.53
-6151.213
-6145.07
-6138.679
-6136.008
-6139.672
-6141.954
-6135.691
-6148.548
-6132.961
-6143.729
-6138.327
-6137.059
-6143.44
-6133.753
-6143.455
-6137.199
-6136.042
-6135.281
-6139.489
-6135.742
-6145.343
-6133.373
-6144.317
-6162.948
-6141.639
-6164.337
-6137.579
-6161.909
-6146.678
-6134.851
-6136.839
-6136.844
-6140.198
-6147.384
-6147.377
-6141.137
-6139.336
-6133.513
-6149.65
-6143.296
-6143.375
-6139.226
-6134.394
-6136.575
-6145.316
-6143.163
-6136.556
-6142.955
-6150.205
-6160.559
-6139.416
-6134.634
-6137.39
-6167.806
-6141.191
-6135.24
-6144.356
-6141.632
-6137.67
-6138.752
-6136.59
-6135.793
-6145.51
-6134.27
-6146.943
-6135.028
-6134.788
-6151.296
-6139.186
-6137.987
-6144.229
-6138.362
-6142.464
-6141.51
-6149.666
-6147.333
-6135.357
-6145.982
-6136.161
-6186.324
-6159.086
-6149.328
-6145.2
-6160.425
-6143.309
-6143.693
-6141.55
-6138.075
-6142.503
-6138.423
-6138.612
-6141.025
-6136.6
-6137.141
-6141.539
-6153.391
-6138.884
-6141.186
-6139.608
-6138.363
-6149.668
-6140.745
-6145.335
-6154.922
-6161.946
-6143.34
-6144.977
-6147.189
-6142.204
-6133.749
-6144.706
-6143.446
-6160.592
-6141.362
-6138.634
-6148.003
-6132.411
-6135.063
-6136.954
-6150.677
-6160.117
-6142.71
-6144.361
-6136.489
-6145.052
-6134.188
-6141.352
-6148.035
-6135.72
-6152.216
-6134.241
-6158.298
-6140.977
-6138.272
-6162.915
-6140.193
-6139.856
-6146.7
-6135.405
-6135.279
-6132.409
-6138.799
-6135.903
-6161.128
-6143.711
-6147.415
-6142.067
-6136.61
-6153.011
-6135.278
-6134.7
-6144.606
-6134.777
-6162.249
-6150.244
-6138.53
-6168.123
-6147.056
-6157.065
-6140.589
-6143.782
-6143.647
-6136.914
-6136.673
-6140.698
-6141.66
-6148.994
-6137.353
-6139.401
-6147.657
-6138.967
-6141.856
-6149.469
-6143.141
-6141.637
-6160.226
-6135.779
-6163.067
-6145.551
-6138.836
-6142.585
-6139.92
-6142.659
-6139.793
-6153.471
-6145.883
-6142.222
-6145.973
-6138.263
-6137.44
-6157.092
-6135.393
-6142.778
-6150.625
-6143.378
-6143.32
-6157.481
-6142.881
-6136.644
-6138.205
-6142.34
-6142.255
-6157.253
-6141.431
-6140.408
-6137.86
-6172.356
-6155.819
-6134.356
-6166.242
-6143.171
-6143.412
-6145.861
-6148.313
-6135.047
-6163.184
-6144.804
-6144.757
-6137.674
-6143.484
-6149.683
-6150.169
-6144.065
-6138.809
-6139.276
-6146.597
-6141.859
-6146.344
-6146.153
-6157.351
-6138.662
-6149.395
-6147.437
-6154.888
-6150.223
-6137.673
-6139.765
-6141.537
-6140.442
-6141.307
-6143.127
-6149.405
-6140.454
-6133.932
-6142.542
-6140.118
-6136.829
-6134.812
-6158.692
-6136.399
-6141.719
-6146.457
-6134.987
-6137.072
-6156.717
-6160.531
-6136.348
-6138.293
-6139.85
-6142.508
-6138.707
-6153.349
-6144.541
-6149.111
-6148.304
-6153.14
-6141.427
-6141.49
-6143.52
-6141.139
-6141.708
-6146.076
-6144.765
-6143.467
-6157.608
-6172.982
-6144.599
-6145.809
-6176.072
-6143.4
-6139.567
-6147.719
-6144.209
-6166.442
-6140.486
-6150.048
-6144.36
-6147.307
-6138.449
-6152.831
-6146.743
-6153.834
-6144.115
-6144.545
-6147.252
-6141.886
-6136.891
-6137.366
-6149.98
-6141.135
-6151.599
-6143.193
-6142.52
-6153.677
-6160.081
-6137.74
-6142.448
-6136.353
-6146.822
-6146.411
-6137.468
-6143.901
-6145.542
-6144.457
-6139.572
-6141.169
-6146.644
-6140.876
-6146.487
-6138.129
-6134.332
-6136.658
-6138.58
-6142.182
-6138.515
-6149.695
-6138.837
-6140.571
-6140.468
-6135.572
-6144.973
-6161.049
-6132.93
-6145.862
-6149.907
-6138.502
-6136.706
-6135.356
-6158.105
-6146.816
-6144.997
-6136.724
-6136.217
-6143.521
-6137.474
-6139.083
-6150.85
-6154.094
-6137.522
-6144.325
-6142.41
-6141.469
-6153.362
-6139.019
-6134.533
-6150.542
-6141.957
-6138.729
-6134.477
-6153.009
-6148.729
-6136.237
-6140.475
-6143.983
-6142.148
-6148.462
-6138.626
-6144.464
-6140.771
-6141.434
-6133.993
-6154.293
-6160.559
-6138.286
-6136.116
-6143.667
-6148.992
-6135.881
-6134.249
-6143.754
-6152.594
-6136.511
-6138.736
-6142.867
-6139.586
-6142.56
-6136.576
-6145.526
-6140.733
-6136.22
-6138.391
-6147.554
-6136.199
-6140.176
-6152.66
-6138.984
-6165.378
-6138.208
-6138.365
-6145.125
-6138.726
-6143.624
-6172.367
-6135.555
-6138.306
-6145.885
-6149.429
-6164.533
-6142.628
-6140.022
-6141.696
-6142.637
-6146.853
-6145.368
-6140.402
-6173.733
-6163.008
-6146.908
-6159.511
-6160.85
-6149.364
-6162.398
-6143.851
-6184.135
-6151.539
-6140.578
-6159.498
-6139.301
-6137.517
-6155.066
-6142.884
-6151.351
-6150.929
-6153.555
-6136.186
-6149.691
-6142.164
-6151.551
-6146.806
-6142.066
-6139.38
-6138.47
-6140.643
-6138.813
-6146.917
-6143.687
-6137.742
-6148.876
-6140.133
-6141.912
-6152.523
-6140.058
-6136.743
-6152.803
-6141.434
-6141.634
-6139.599
-6142.423
-6141.361
-6137.771
-6137.367
-6143.097
-6143.743
-6140.09
-6138.612
-6152.311
-6145.686
-6146.45
-6146.913
-6162.102
-6144.786
-6141.614
-6164.285
-6137.537
-6142.168
-6181.434
-6154.381
-6138.786
-6145.873
-6156.943
-6138.481
-6156.569
-6146.375
-6164.749
-6146.61
-6156.513
-6148.382
-6147.164
-6155.037
-6154.703
-6141.791
-6145.93
-6152.476
-6145.12
-6139.482
-6134.634
-6136.969
-6139.378
-6138.025
-6154.971
-6142.542
-6137.963
-6136.982
-6142.878
-6158.093
-6141.202
-6152.393
-6143.949
-6134.215
-6135.156
-6148.402
-6148.659
-6143.146
-6156.109
-6138.883
-6140.597
-6144.897
-6146.431
-6135.56
-6145.245
-6144.643
-6139.282
-6136.734
-6135.678
-6142.711
-6145.753
-6150.608
-6140.011
-6146.221
-6146.503
-6142.347
-6150.8
-6142.283
-6133.017
-6146.234
-6167.102
-6138.605
-6132.396
-6141.103
-6137.463
-6136.069
-6135.555
-6139.241
-6141.887
-6145.463
-6144.294
-6133.544
-6148.506
-6170.605
-6145.313
-6133.746
-6140.137
-6133.264
-6158.533
-6137.987
-6135.245
-6139.063
-6139.797
-6141.028
-6134.555
-6139.195
-6134.856
-6148.168
-6143.755
-6132.179
-6132.812
-6149.017
-6134.924
-6156.106
-6141.337
-6136.458
-6150.299
-6136.568
-6174.092
-6151.088
-6144.565
-6137.436
-6159.326
-6157.188
-6148.688
-6135.393
-6135.775
-6152.171
-6139.389
-6149.314
-6158.993
-6140.736
-6140.179
-6139.463
-6146.608
-6150.545
-6145.646
-6141.528
-6138.473
-6140.599
-6134.587
-6139.503
-6147.197
-6137.778
-6139.247
-6137.278
-6144.528
-6135.407
-6143.56
-6137.708
-6172.181
-6137.125
-6149.17
-6146.966
-6153.553
-6163.282
-6143.579
-6137.203
-6136.333
-6141.844
-6149.846
-6141.271
-6134.636
-6144.736
-6141.312
-6141.379
-6144.115
-6139.107
-6139.237
-6139.05
-6155.29
-6138.895
-6141.596
-6145.386
-6137.639
-6156.315
-6141.979
-6141.048
-6136.628
-6162.967
-6143.302
-6140.115
-6150.838
-6135.832
-6147.815
-6134.593
-6135.187
-6141.483
-6137.654
-6133.514
-6142.378
-6145.843
-6138.975
-6146.944
-6144.577
-6146.433
-6133.228
-6136.73
-6132.23
-6136.162
-6138.317
-6144.601
-6147.445
-6141.41
-6135.597
-6150.632
-6163.179
-6135.091
-6151.409
-6142.965
-6137.072
-6139.854
-6141.388
-6142.918
-6134.622
-6141.591
-6146.809
-6142.155
-6135.684
-6139.156
-6136.945
-6140.185
-6140.678
-6137.687
-6134.632
-6138.742
-6134.249
-6137.551
-6139.666
-6145.464
-6138.56
-6134.764
-6138.081
-6134.118
-6167.944
-6135.542
-6132.953
-6134.285
-6136.619
-6151.724
-6135.155
-6137.744
-6145.669
-6137.314
-6141.335
-6146.695
-6138.833
-6145.237
-6152.742
-6144.106
-6138.211
-6149.352
-6135.471
-6144.561
-6140.272
-6146.052
-6143.866
-6141.064
-6141.568
-6135.492
-6140.489
-6139.548
-6141.741
-6142.194
-6140.946
-6143.601
-6153.585
-6154.985
-6139.582
-6145.357
-6144.224
-6140.477
-6141.605
-6142.153
-6137.468
-6141.069
-6145.526
-6149.896
-6148.889
-6135.465
-6143.819
-6150.279
-6136.942
-6148.786
-6151.309
-6146.387
-6136.933
-6146.844
-6150.586
-6149.492
-6150.362
-6146.923
-6152.288
-6141.824
-6136.468
-6151.228
-6151.682
-6138.351
-6139.816
-6139.695
-6142.187
-6141.311
-6150.008
-6136.82
-6163.573
-6144.816
-6140.295
-6159
-6142.374
-6134.711
-6152.385
-6154.385
-6136.782
-6148.436
-6155.98
-6141.73
-6140.857
-6142.321
-6156.214
-6151.023
-6150.921
-6154.932
-6168.879
-6151.202
-6143.838
-6135.996
-6137.084
-6146.069
-6143.107
-6147.82
-6140.351
-6140.006
-6138.077
-6134.458
-6135.91
-6147.318
-6131.36
-6136.179
-6132.554
-6165.751
-6181.389
-6138.153
-6139.344
-6137.944
-6136.012
-6154.999
-6135.913
-6142.032
-6150.556
-6149.764
-6143.108
-6132.219
-6135.234
-6134.983
-6142.313
-6136.843
-6139.514
-6132.448
-6140.21
-6135.653
-6134.88
-6138.601
-6142.061
-6132.958
-6133.937
-6133.096
-6143.381
-6142.005
-6136.37
-6136.848
-6143.934
-6140.338
-6139.631
-6135.918
-6145.635
-6134.899
-6137.596
-6141.344
-6155.347
-6134.097
-6142.833
-6145.511
-6148.313
-6135.271
-6142.682
-6139.92
-6136.615
-6136.549
-6140.75
-6135.518
-6150.692
-6139.627
-6132.066
-6145.747
-6137.239
-6135.417
-6135.63
-6145.832
-6136.521
-6133.5
-6142.54
-6142.308
-6137.266
-6147.464
-6146.471
-6158.701
-6137.324
-6135.566
-6134.915
-6146.758
-6139.219
-6134.886
-6136.724
-6140.575
-6137.594
-6167.286
-6140.477
-6148.022
-6145.118
-6153.457
-6176.365
-6145.5
-6148.219
-6140.029
-6138.974
-6147.215
-6148.093
-6142.9
-6146.826
-6168.49
-6142.188
-6147.853
-6146.056
-6145.574
-6139.263
-6151.757
-6145.009
-6155.921
-6140.254
-6155.56
-6142.502
-6135.888
-6142.997
-6163.865
-6135.913
-6138.878
-6136.581
-6172.772
-6142.812
-6139.405
-6149.915
-6155.102
-6144.069
-6151.775
-6136.334
-6144.315
-6135.572
-6136.634
-6143.453
-6144.599
-6139.957
-6147.921
-6136.403
-6139.368
-6140.877
-6137.6
-6142.501
-6145.164
-6163.176
-6141.987
-6152.44
-6139.87
-6146.721
-6145.249
-6138.177
-6141.511
-6154.72
-6145.77
-6144.191
-6166.579
-6144.523
-6136.455
-6176.506
-6140.095
-6142.381
-6149.005
-6153.66
-6153.74
-6143.322
-6153.497
-6145.176
-6153.789
-6146.509
-6150.422
-6148.995
-6136.794
-6141.292
-6139.928
-6144.452
-6142.904
-6139.763
-6142.334
-6148.012
-6138.967
-6136.439
-6134.86
-6136.946
-6143.011
-6140.472
-6155.851
-6140.684
-6143.572
-6141.511
-6142.354
-6138.666
-6134.358
-6142.957
-6153.428
-6151.693
-6139.461
-6142.708
-6154.382
-6136.467
-6145.526
-6144.383
-6150.013
-6143.249
-6152.194
-6144.772
-6139.81
-6137.107
-6138.185
-6135.907
-6144.904
-6154.504
-6142.692
-6141.387
-6148.047
-6143.255
-6141.2
-6142.542
-6134.883
-6134.607
-6140.296
-6140.814
-6156.887
-6143.862
-6144.878
-6141.669
-6140.631
-6136.676
-6136.375
-6151.453
-6149.092
-6156.659
-6147.478
-6145.425
-6140.788
-6139.736
-6146.792
-6137.784
-6132.801
-6143.253
-6150.492
-6133.861
-6144.176
-6142.075
-6159.044
-6135.299
-6135.422
-6148.57
-6145.02
-6149.462
-6142.776
-6138.833
-6148.362
-6136.615
-6135.559
-6140.195
-6137.085
-6138.074
-6139.576
-6134.228
-6139.963
-6143.653
-6143
-6162.677
-6149.614
-6142.383
-6139.684
-6147.331
-6134.803
-6137.12
-6142.339
-6142.952
-6137.015
-6137.756
-6134.986
-6136.867
-6141.617
-6148.255
-6137.45
-6163.044
-6150.58
-6135.661
-6147.722
-6144.316
-6134.984
-6141.556
-6149.67
-6155.827
-6148.92
-6143.532
-6139.041
-6179.803
-6147.197
-6139.691
-6140.338
-6142.477
-6140.179
-6137.413
-6141.562
-6136.259
-6138.435
-6136.897
-6153.196
-6159.946
-6139.209
-6144.919
-6152.193
-6143.637
-6138.482
-6145.357
-6140.864
-6138.224
-6135.376
-6144.02
-6139.741
-6163.728
-6145.19
-6138.538
-6136.101
-6140.193
-6142.622
-6148.645
-6140.835
-6138.365
-6144.93
-6137.705
-6144.334
-6160.76
-6159.428
-6161.92
-6134.042
-6167.557
-6147.425
-6147.071
-6142.627
-6145.857
-6143.61
-6135.33
-6141.41
-6139.745
-6168.055
-6148.124
-6139.862
-6139.552
-6147.504
-6141.2
-6131.376
-6137.811
-6136.641
-6138.296
-6134.569
-6141.262
-6143.169
-6132.25
-6140.129
-6133.478
-6138.007
-6149.499
-6144.208
-6132.113
-6138.746
-6133.93
-6134.755
-6150.915
-6131.264
-6134.12
-6137.102
-6132.166
-6140.679
-6151.433
-6133.734
-6136.999
-6142.004
-6173.737
-6136.195
-6136.574
-6147.795
-6151.892
-6138.397
-6140.28
-6137.365
-6141.375
-6139.507
-6133.58
-6142.952
-6141.959
-6142.399
-6145.037
-6141.165
-6152.302
-6137.355
-6134.934
-6132.892
-6143.616
-6141.113
-6145.564
-6138.265
-6133.311
-6145.873
-6142.639
-6136.588
-6136.378
-6139.605
-6136.633
-6137.271
-6136.17
-6148.384
-6132.582
-6137.599
-6138.524
-6133.885
-6134.751
-6144.287
-6136.145
-6140.727
-6172.573
-6148.771
-6140.629
-6156.565
-6140.002
-6137.044
-6140.639
-6134.771
-6151.095
-6135.213
-6138.62
-6138.442
-6156.485
-6144.726
-6153.934
-6147.615
-6145.961
-6161.172
-6161.974
-6144.084
-6147.442
-6132.895
-6134.91
-6134.641
-6135.671
-6134.468
-6140.309
-6134.828
-6132.23
-6139.423
-6141.632
-6140.267
-6144.606
-6152.197
-6149.1
-6134.475
-6146.846
-6141.423
-6146.071
-6139.986
-6132.89
-6141.921
-6149.712
-6137.787
-6136.874
-6135.549
-6132.691
-6146.187
-6138.206
-6137.183
-6135.498
-6136.02
-6136.934
-6143.351
-6137.801
-6138.902
-6134.189
-6135.785
-6138.544
-6143.415
-6135.232
-6156.429
-6175.334
-6136.147
-6139.742
-6144.16
-6148.364
-6132.815
-6132.707
-6133.297
-6149.983
-6138.016
-6148.708
-6133.714
-6143.951
-6136.511
-6137.016
-6140.61
-6161.79
-6135.561
-6139.676
-6140.385
-6136.097
-6153.807
-6142.858
-6140.763
-6134.118
-6138.073
-6137.932
-6149.005
-6138.249
-6133.036
-6143.74
-6140.022
-6138.341
-6143.149
-6139.803
-6141.636
-6134.307
-6153.876
-6143.637
-6137.639
-6138.487
-6140.608
-6143.837
