-8018.438
-7708.473
-7672.183
-7747.907
-7654.179
-8140.252
-7595.675
-7637.42
-7558.503
-7544.455
-7685.715
-7492.715
-7538.528
-7570.317
-7414.014
-7489.482
-7391.899
-7407.784
-7445.062
-7501.722
-7282.341
-7239.145
-7439.215
-7255.042
-7176.5
-7187.236
-7295.471
-7124.094
-7146.251
-7052.954
-7218.742
-7025.759
-7036.819
-7024.717
-7054.839
-7078.42
-7013.843
-7071.807
-6998.579
-6967.844
-7042.647
-6951.45
-7169.971
-6894.361
-6953.972
-6903.562
-6930.159
-6856.573
-6826.931
-6855.484
-6768.226
-6803.278
-6794.873
-6799.026
-6888.454
-6855.444
-6867.667
-6752.694
-6879.283
-6821.52
-6757.312
-6723.166
-6767.705
-6778.756
-6737.79
-6622.903
-6595.05
-6571.226
-6580.648
-6608.124
-6518.641
-6590.182
-6613.99
-6593.572
-6476.075
-6571.197
-6463.803
-6466.735
-6437.772
-6404.455
-6426.037
-6422.086
-6431.389
-6402.989
-6407.768
-6407.37
-6367.381
-6386.084
-6389.151
-6342.048
-6347.856
-6346.685
-6370.264
-6340.843
-6356.258
-6333.057
-6342.051
-6323.537
-6334.004
-6424.55
-6346.645
-6316.935
-6361.823
-6310.33
-6330.824
-6329.902
-6328.696
-6323.944
-6302.263
-6307.783
-6323.565
-6315.445
-6304.756
-6312.349
-6304.786
-6302.974
-6290.97
-6294.284
-6331.291
-6309.392
-6315.837
-6306.223
-6306.488
-6293.539
-6319.311
-6304.87
-6302.521
-6316.585
-6300.731
-6329.235
-6298.824
-6301.471
-6318.534
-6310.016
-6309.895
-6343.747
-6300.168
-6310.697
-6358.218
-6515.1
-6283.332
-6298.256
-6297.385
-6308.074
-6284.535
-6293.78
-6308.918
-6409.063
-6277.69
-6299.271
-6288.268
-6280.243
-6305.123
-6305.292
-6281.999
-6288.398
-6292.952
-6287.348
-6295.417
-6266.896
-6261.143
-6264.607
-6264.977
-6259.509
-6279.328
-6271.005
-6265.024
-6290.719
-6273.502
-6328.368
-6250.971
-6299.686
-6262.888
-6257.302
-6265.217
-6274.984
-6258.188
-6242.755
-6244.364
-6309.112
-6240.503
-6250.38
-6254.924
-6263.687
-6250.874
-6235.463
-6249.048
-6236.035
-6252.047
-6231.604
-6246.187
-6245.911
-6233.399
-6243.522
-6237.29
-6239.056
-6223.151
-6219.468
-6224.731
-6244.081
-6240.802
-6237.864
-6218.322
-6211.978
-6241.02
-6218.093
-6238.441
-6224.408
-6217.461
-6217.617
-6228.605
-6224.377
-6227.785
-6215.081
-6243.384
-6243.55
-6215.255
-6223.897
-6212.234
-6213.362
-6242.526
-6231.86
-6209.13
-6205.453
-6215.332
-6212.616
-6215.813
-6216.937
-6225.25
-6221.299
-6218.93
-6208.665
-6225.131
-6207.369
-6206.31
-6212.62
-6242.633
-6208.477
-6237.337
-6219.382
-6214.692
-6225.193
-6213.42
-6229.294
-6219.384
-6217.619
-6203.26
-6231.348
-6221.089
-6221.601
-6227.21
-6219.235
-6222.123
-6220.719
-6223.904
-6241.355
-6245.138
-6222.707
-6231.973
-6205.451
-6205.498
-6215.934
-6212.398
-6211.539
-6205.658
-6215.595
-6209.86
-6249.485
-6245.772
-6234.255
-6206.82
-6206.436
-6221.211
-6232.492
-6229.012
-6216.183
-6214.449
-6221.522
-6217.069
-6217.019
-6231.004
-6199.917
-6246.169
-6196.041
-6204.959
-6220.711
-6214.41
-6198.624
-6235.184
-6201.49
-6236.033
-6216.329
-6207.285
-6247.248
-6218.815
-6199.666
-6215.169
-6223.302
-6214.269
-6222.234
-6234.323
-6220.773
-6207.001
-6200.804
-6280.161
-6248.823
-6197.852
-6223.72
-6193.563
-6205.126
-6217.59
-6198.923
-6210.67
-6202.724
-6191.303
-6190.608
-6202.867
-6199.954
-6214.465
-6202.626
-6198.275
-6208.285
-6196.243
-6197.081
-6191.809
-6202.885
-6186.708
-6194.847
-6227.669
-6211.176
-6206.722
-6194.894
-6187.791
-6197.537
-6188.588
-6197.956
-6188.78
-6212.527
-6198.766
-6206.053
-6193.134
-6197.682
-6193.013
-6199.085
-6201.785
-6190.88
-6219.716
-6206.654
-6212.722
-6200.841
-6201.942
-6201.008
-6199.044
-6208.318
-6189.241
-6237.38
-6214.668
-6200.453
-6190.389
-6210.826
-6200.256
-6186.162
-6238.368
-6198.209
-6199.751
-6189.349
-6197.448
-6191.419
-6189.44
-6208.592
-6192.527
-6184.176
-6249.815
-6194.465
-6209.277
-6189.885
-6194.488
-6191.809
-6206.278
-6233.326
-6221.261
-6198.118
-6199.654
-6192.325
-6225.059
-6202.575
-6186.147
-6206.465
-6202.198
-6202.53
-6204.058
-6200.146
-6200.737
-6194.981
-6215.289
-6189.255
-6197.338
-6198.373
-6199.663
-6194.946
-6195.002
-6219.642
-6218.716
-6195.62
-6199.279
-6215.692
-6206.587
-6198.476
-6213.434
-6209.679
-6199.951
-6184.176
-6214.065
-6193.356
-6191.012
-6213.764
-6204.091
-6198.996
-6203.473
-6187.397
-6203.985
-6221.303
-6199.597
-6190.809
-6208.63
-6259.101
-6229.588
-6202.669
-6190.454
-6191.967
-6222.47
-6205.466
-6182.55
-6191.525
-6198.609
-6193.926
-6212.648
-6187.807
-6283.357
-6200.773
-6219.385
-6193.892
-6209.295
-6221.334
-6194.955
-6182.113
-6206.172
-6184.479
-6196.868
-6215.808
-6186.476
-6218.232
-6241.596
-6211.454
-6183.689
-6192.625
-6189.916
-6190.408
-6205.015
-6183.604
-6191.788
-6241.836
-6257.176
-6188.686
-6210.276
-6223.177
-6196.183
-6206.621
-6211.32
-6209.997
-6208.503
-6194.864
-6192.044
-6208.154
-6198.28
-6231.809
-6197.118
-6210.679
-6209.927
-6191.127
-6214.003
-6195.525
-6194.219
-6184.794
-6192.807
-6198.132
-6188.019
-6194.875
-6208.39
-6197.185
-6211.837
-6183.332
-6198.592
-6194.815
-6187.585
-6207.806
-6201.506
-6190.444
-6210.694
-6218.736
-6207.186
-6193.168
-6196.965
-6192.585
-6193.048
-6198.449
-6195.071
-6223.578
-6198.099
-6230.041
-6187.215
-6231.159
-6197.73
-6209.936
-6214.965
-6222.567
-6188.098
-6197.747
-6206.661
-6196.033
-6203.795
-6192.215
-6196.308
-6265.344
-6182.672
-6207.686
-6187.174
-6188.326
-6237.609
-6201.386
-6203.269
-6230.937
-6191.623
-6204.304
-6224.38
-6199.412
-6196.543
-6189.232
-6186.61
-6208.286
-6209.05
-6184.324
-6193.636
-6336.354
-6191.915
-6214.874
-6199.564
-6194.344
-6220.586
-6213.232
-6192.36
-6204.62
-6187.874
-6195.861
-6198.819
-6207.768
-6193.942
-6184.275
-6229.97
-6230.319
-6195.817
-6196.385
-6205.976
-6190.076
-6229.05
-6186.388
-6186.798
-6218.393
-6223.817
-6198.795
-6194.498
-6195.22
-6203.67
-6240.111
-6192.328
-6200.133
-6185.769
-6202.437
-6206.407
-6198.814
-6185.528
-6192.298
-6184.213
-6191.917
-6228.872
-6197.471
-6185.174
-6231.562
-6202.892
-6189.933
-6190.545
-6211.704
-6214.633
-6205.968
-6191.207
-6197.884
-6191.27
-6206.506
-6205.511
-6200.647
-6212.711
-6211.425
-6197.712
-6253.94
-6188.815
-6193.819
-6258.07
-6190.962
-6197.416
-6193.652
-6222.35
-6241.899
-6191.711
-6219.435
-6185.794
-6221.48
-6203.62
-6195.73
-6200.217
-6194.281
-6185.537
-6193.981
-6185.615
-6197.361
-6232.724
-6185.599
-6213.473
-6208.091
-6199.987
-6198.528
-6185.299
-6194.715
-6185.27
-6206.383
-6216.165
-6211.87
-6190.114
-6193.499
-6195.146
-6266.352
-6192.387
-6209.027
-6206.48
-6202.965
-6188.975
-6196.001
-6225.894
-6189.596
-6201.063
-6184.81
-6189.41
-6199.234
-6190.133
-6208.818
-6192.378
-6200.026
-6229.882
-6233
-6207.964
-6198.413
-6220.638
-6243.836
-6201.55
-6198.39
-6254.569
-6203.135
-6233.181
-6197.374
-6229.518
-6193.571
-6193.115
-6193.767
-6189.194
-6213.109
-6196.156
-6193.045
-6206.555
-6205.737
-6203.997
-6193.567
-6192.642
-6195.642
-6237.411
-6204.592
-6227.821
-6205.179
-6188.262
-6197.18
-6190.829
-6214.649
-6223.633
-6200.246
-6197.963
-6187.713
-6194.097
-6201.74
-6217.364
-6199.47
-6186.725
-6204.935
-6227.97
-6187.131
-6189.689
-6232.075
-6227.44
-6192.077
-6208.988
-6183.64
-6228.273
-6203.98
-6227.549
-6205.691
-6202.814
-6224.929
-6185.559
-6199.828
-6190.769
-6189.624
-6189.598
-6196.084
-6205.942
-6192.215
-6200.039
-6201.433
-6192.266
-6203.187
-6192.451
-6200.718
-6185.589
-6191.843
-6255.618
-6182.834
-6195.413
-6226.964
-6184.682
-6191.739
-6216.394
-6291.365
-6235.071
-6216.317
-6187.033
-6262.035
-6235.345
-6241.877
-6184.093
-6190.915
-6185.389
-6221.71
-6202.716
-6188.989
-6201.147
-6185.218
-6176.445
-6198.27
-6184.232
-6191.437
-6228.759
-6192.113
-6210.708
-6189.599
-6205.101
-6226.691
-6187.131
-6192.777
-6204.931
-6188.265
-6185.86
-6177.304
-6184.22
-6190.187
-6194.448
-6187.708
-6238.111
-6199.575
-6185.134
-6179.814
-6185.637
-6216.313
-6186.349
-6186.212
-6244.913
-6185.828
-6190.227
-6190.555
-6210.798
-6179.523
-6219.009
-6192.528
-6180.404
-6186.212
-6187.666
-6179.685
-6185.109
-6213.219
-6176.212
-6181.221
-6204.451
-6181.836
-6206.369
-6235.578
-6235.158
-6203.414
-6195.442
-6201.614
-6185.417
-6189.382
-6191.155
-6185.723
-6259.319
-6196.461
-6210.99
-6185.237
-6200.546
-6205.985
-6188.822
-6181.211
-6189.009
-6182.131
-6261.373
-6177.973
-6198.526
-6209.286
-6189.957
-6181.309
-6200.493
-6186.937
-6222.916
-6179.887
-6191.814
-6187.884
-6179.478
-6193.286
-6202.73
-6186.227
-6225.055
-6187.676
-6202.436
-6189.169
-6189.432
-6205.595
-6216.039
-6199.962
-6184.394
-6188.22
-6191.291
-6235.037
-6210.119
-6190.803
-6180.373
-6183.638
-6189.086
-6181.609
-6201.825
-6203.926
-6178.511
-6202.19
-6185.295
-6189.832
-6193.097
-6202.069
-6198.957
-6192.356
-6206.522
-6187.113
-6192.874
-6185.544
-6175.308
-6201.547
-6208.944
-6181.918
-6245.144
-6216.587
-6201.289
-6192.778
-6231.542
-6191.516
-6228.624
-6194.361
-6205.241
-6175.867
-6200.365
-6176.282
-6203.158
-6213.105
-6181.812
-6178.039
-6182.599
-6204.144
-6218.297
-6187.006
-6180.865
-6175.291
-6186.448
-6192.682
-6172.978
-6185.089
-6184.475
-6201.977
-6262.909
-6233.384
-6194.239
-6216.633
-6202.838
-6199.569
-6180.054
-6180.515
-6202.545
-6178.573
-6185.906
-6251.075
-6196.794
-6178.533
-6189.022
-6188.579
-6199.509
-6185.252
-6189.41
-6180.655
-6189.193
-6219.073
-6175.923
-6186.637
-6187.57
-6202.406
-6214.117
-6188.897
-6269.643
-6242.377
-6220.346
-6207.769
-6181.645
-6186.105
-6186.16
-6176.616
-6214.581
-6193.394
-6186.578
-6187.33
-6198.458
-6198.16
-6205.919
-6173.775
-6174.07
-6180.419
-6201.152
-6185.143
-6176.961
-6173.246
-6183.455
-6184.555
-6256.482
-6189.392
-6197.136
-6176.71
-6256.717
-6254.133
-6183.101
-6207.852
-6172.708
-6196.91
-6178.033
-6185.01
-6203.009
-6229.094
-6210.713
-6183.452
-6179.005
-6202.025
-6185.418
-6198.697
-6190.936
-6194.601
-6188.111
-6218.724
-6213.132
-6219.72
-6218.613
-6179.486
-6201.763
-6179.352
-6181.32
-6224.649
-6179.314
-6198.439
-6192.511
-6196.449
-6182.231
-6200.815
-6198.015
-6192.817
-6173.568
-6180.256
-6185.625
-6197.715
-6223.282
-6182.242
-6205.857
-6195.467
-6188.582
-6192.913
-6178.947
-6177.707
-6178.751
-6194.902
-6181.251
-6193.3
-6214.64
-6175.125
-6205.045
-6191.548
-6186.233
-6173.53
-6212.703
-6177.065
-6182.556
-6219.819
-6215.988
-6195.62
-6180.143
-6189.347
-6174.41
-6206.299
-6211.719
-6206.354
-6186.107
-6191.239
-6184.866
-6236.077
-6207.226
-6203.225
-6203.279
-6199.812
-6218.812
-6221.273
-6193.642
-6191.057
-6184.192
-6225.645
-6175.312
-6190.21
-6221.643
-6185.68
-6183.392
-6179.388
-6192.003
-6216.223
-6229.292
-6189.542
-6198.226
-6187.453
-6189.043
-6189.905
-6195.466
-6180.851
-6249.774
-6184.741
-6221.345
-6184.632
-6175.49
-6207.787
-6176.756
-6230.488
-6208.017
-6179.236
-6181.077
-6194.25
-6196.341
-6204.806
-6185.195
-6199.669
-6218.499
-6191.166
-6206.837
-6202.868
-6170.986
-6175.828
-6191.581
-6186.41
-6178.63
-6173.523
-6174.281
-6179.526
-6183.591
-6231.487
-6189.888
-6177.13
-6213.64
-6187.723
-6204.027
-6203.991
-6175.237
-6174.958
-6197.317
-6218.62
-6174.497
-6229.592
-6187.351
-6173.567
-6184.002
-6214.737
-6182.114
-6197.607
-6175.105
-6205.279
-6194.656
-6185.293
-6187.138
-6210.338
-6202.133
-6179.816
-6187.848
-6197.773
-6191.516
-6214.626
-6173.709
-6177.912
-6210.589
-6226.185
-6231.098
-6193.484
-6191.832
-6177.913
-6194.296
-6232.958
-6192.204
-6236.62
-6186.553
-6196.538
-6185.023
-6215.304
-6180.449
-6191.885
-6180.659
-6183.493
-6191.744
-6178.88
-6189.743
-6195.938
-6233.196
-6192.289
-6201.787
-6175.404
-6190.654
-6177.928
-6173.196
-6178.766
-6190.349
-6184.441
-6182.195
-6181.272
-6221.547
-6195.61
-6191.174
-6184.617
-6207.651
-6188.987
-6187.839
-6172.847
-6175.423
-6188.422
-6173.988
-6174.204
-6180.677
-6176.699
-6217.025
-6177.699
-6182.487
-6188.164
-6211.764
-6195.164
-6248.851
-6178.226
-6178.833
-6173.511
-6178.07
-6184.413
-6189.085
-6186.151
-6178.709
-6258.627
-6230.229
-6188.401
-6176.257
-6174.91
-6245.684
-6226.148
-6200.73
-6211.398
-6194.393
-6191.554
-6203.048
-6181.123
-6174.991
-6178.638
-6202.992
-6177.969
-6204.349
-6193.055
-6176.975
-6244.189
-6173.828
-6173.997
-6231.632
-6179.728
-6186.092
-6182.39
-6202.987
-6258.393
-6187.402
-6210.48
-6206.71
-6185.084
-6180.306
-6178.932
-6175.161
-6188.047
-6176.94
-6214.594
-6203.304
-6178.577
-6176.102
-6179.23
-6196
-6202.988
-6186.43
-6236.506
-6192.877
-6173.864
-6178.41
-6179.839
-6200.963
-6176.055
-6184.656
-6184.207
-6195.394
-6175.709
-6202.633
-6187.972
-6187.989
-6182.017
-6175.383
-6179.643
-6190.564
-6174.987
-6175.772
-6180.481
-6182.111
-6190.683
-6185.137
-6223.159
-6181.373
-6201.407
-6188
-6207.375
-6179.09
-6215.66
-6188.694
-6172.912
-6222.78
-6249.402
-6208.824
-6179.219
-6206.599
-6179.917
-6182.761
-6180.087
-6183.179
-6180.009
-6189.713
-6203.777
-6225.69
-6181.239
-6189.828
-6185.857
-6177.919
-6206.132
-6175.433
-6186.673
-6198.333
-6220.702
-6181.668
-6202.894
-6183.19
-6221.959
-6210.56
-6222.634
-6189.689
-6239.907
-6220.42
-6192.403
-6184.531
-6213.572
-6187.174
-6192.286
-6191.134
-6183.911
-6179.616
-6179.632
-6179.77
-6191.071
-6200.264
-6181.372
-6186.51
-6179.765
-6174.346
-6180.039
-6226.025
-6179.322
-6176.904
-6176.384
-6202.001
-6189.902
-6176.054
-6183.826
-6180.699
-6181.234
-6202.179
-6178.357
-6187.403
-6179.714
-6189.281
-6178.986
-6195.462
-6173.03
-6200.316
-6195.485
-6176.543
-6179.521
-6195.188
-6186.597
-6208.28
-6182.09
-6259.547
-6180.934
-6180.524
-6211.867
-6193.93
-6181.968
-6175.944
-6248.381
-6263.283
-6186.493
-6221.281
-6206.993
-6176.912
-6191.75
-6183.386
-6192.346
-6178.609
-6184.022
-6209.548
-6174.225
-6183.57
-6186.708
-6188.704
-6210.772
-6188.952
-6225.413
-6204.539
-6173.388
-6190.888
-6199.686
-6179.342
-6185.026
-6180.125
-6203.391
-6180.366
-6180.365
-6177.775
-6207.005
-6179.156
-6196.793
-6177.401
-6203.06
-6174.412
-6178.825
-6180.72
-6208.064
-6190.651
-6186.82
-6231.898
-6227.508
-6236.241
-6308.298
-6175.999
-6169.97
-6188.533
-6183.681
-6196.682
-6206.018
-6179.166
-6177.145
-6174.709
-6220.765
-6200.72
-6194.144
-6177.899
-6207.814
-6208.363
-6197.209
-6184.196
-6178.571
-6202.982
-6180.186
-6214.631
-6184.629
-6188.997
-6178.731
-6170.88
-6173.355
-6172.15
-6178.056
-6223.51
-6178.008
-6185.021
-6205.474
-6187.983
-6184.459
-6173.583
-6203.407
-6207.574
-6177.163
-6207.724
-6173.134
-6241.404
-6180.388
-6178.59
-6197.693
-6230.118
-6191.169
-6185.546
-6188.094
-6188.433
-6247.119
-6187.88
-6205.933
-6187.524
-6185.855
-6172.467
-6174.758
-6191.858
-6211.516
-6189.667
-6196.629
-6178.434
-6187.584
-6180.629
-6184.412
-6209.287
-6249.363
-6184.791
-6212.787
-6200.717
-6187.822
-6189.766
-6315.886
-6212.057
-6180.867
-6205.906
-6173.647
-6180.976
-6190.21
-6211.874
-6216.037
-6205.725
-6218.362
-6203.598
-6181.181
-6196.791
-6207.203
-6244.24
-6175.389
-6184.87
-6190.687
-6189.98
-6208.48
-6188.149
-6192.496
-6172.058
-6201.163
-6182.557
-6174.328
-6280.518
-6259.847
-6189.383
-6176.417
-6172.133
-6183.68
-6217.851
-6215.895
-6228.382
-6174.14
-6189.276
-6180.184
-6197.249
-6224.67
-6178.744
-6191.531
-6198.487
-6193.525
-6183.847
-6188.756
-6194.882
-6190.226
-6191.435
-6174.464
-6193.295
-6197.313
-6183.811
-6205.78
-6204.819
-6180.952
-6198.244
-6215.755
-6212.121
-6235.436
-6185.095
-6179.483
-6189.904
-6219.611
-6245.337
-6201.674
-6183.136
-6238.338
-6207.319
-6248.062
-6212.968
-6191.587
-6191.855
-6238.601
-6174.834
-6179.132
-6178.377
-6180.358
-6201.364
-6189.348
-6201.471
-6193.258
-6188.673
-6216.285
-6186.163
-6181.467
-6186.191
-6289.317
-6226.615
-6177.229
-6216.372
-6188.551
-6215.629
-6179.88
-6206.113
-6201.548
-6186.677
-6230.828
-6227.548
-6182.085
-6184.043
-6184.327
-6267.112
-6187.579
-6185.67
-6222.361
-6242.91
-6202.89
-6180.479
-6181.328
-6185.657
-6183.902
-6219.219
-6197.75
-6254.883
-6184.542
-6193.206
-6189.578
-6184.723
-6180.698
-6185.435
-6245.793
-6237.286
-6227.372
-6225.301
-6192.18
-6194.875
-6184.456
-6204.333
-6207.452
-6184.053
-6183.68
-6189.389
-6185.723
-6213.914
-6204.398
-6219.787
-6179.376
-6175.469
-6188.562
-6177.165
-6182.238
-6214.384
-6181.802
-6181.759
-6179.939
-6265.763
-6183.265
-6179.762
-6193.936
-6237.533
-6181.923
-6217.878
-6182.362
-6182.463
-6181.674
-6177.331
-6179.957
-6207.911
-6178.148
-6204.275
-6176.911
-6257.93
-6203.132
-6179.767
-6184.151
-6223.203
-6183.736
-6192.389
-6211.642
-6219
-6180.342
-6174.635
-6202.566
-6180.973
-6194.726
-6193.493
-6190.694
-6194.106
-6182.996
-6226.218
-6212.587
-6198.286
-6185.15
-6235.546
-6185.251
-6180.991
-6204.3
-6191.861
-6202.312
-6187.387
-6190.931
-6200.642
-6181.992
-6175.378
-6180.464
-6207.654
-6195.341
-6184.458
-6190.608
-6180.246
-6181.163
-6186.959
-6176.853
-6179.214
-6216.459
-6239.699
-6177.15
-6218.143
-6228.523
-6220.016
-6180.636
-6185.761
-6209.979
-6183.444
-6210.641
-6182.629
-6207.377
-6181.981
-6207.066
-6178.87
-6227.057
-6252.441
-6205.554
-6219.721
-6205.802
-6204.142
-6199.162
-6225.812
-6224.161
-6193.203
-6297.528
-6176.638
-6207.721
-6174.113
-6195.976
-6187.591
-6181.861
-6197.006
-6190.419
-6174.76
-6228.327
-6264.106
-6207.11
-6248.745
-6176.917
-6185.093
-6182.221
-6206.417
-6250.903
-6185.624
-6303.893
-6197.928
-6195.351
-6184.824
-6204.301
-6203.294
-6233.737
-6195.29
-6194.139
-6198.913
-6297.662
-6172.924
-6181.762
-6181.714
-6176.824
-6182.497
-6213.871
-6210.227
-6204.58
-6202.481
-6187.968
-6188.921
-6186.553
-6184.871
-6309.141
-6233.531
-6206.5
-6188.058
-6180.223
-6202.164
-6211.147
-6180.611
-6214.775
-6217.134
-6180.641
-6185.881
-6183.083
-6218.45
-6191.633
-6176.704
-6215.448
-6196.024
-6210.012
-6198.354
-6188.331
-6190.185
-6197.739
-6191.36
-6224.557
-6200.968
-6211.067
-6192.25
-6218.14
-6197.961
-6176.802
-6176.556
-6225.064
-6204.434
-6193.904
-6195.133
-6233.676
-6186.508
-6215.981
-6186.99
-6178.492
-6203.877
-6184.489
-6245.529
-6177.168
-6205.241
-6174.598
-6232.709
-6191.612
-6188.063
-6210.1
-6180.943
-6219.53
-6184.928
-6177.169
-6188.606
-6191.329
-6201.791
-6214.062
-6205.678
-6178.305
-6195.484
-6222.777
-6195.479
-6183.155
-6187.15
-6185.769
-6199.979
-6177.703
-6196.755
-6207.83
-6178.561
-6205.78
-6173.207
-6180.459
-6205.753
-6183.825
-6204.558
-6182.679
-6183.217
-6188.674
-6227.264
-6205.974
-6181.28
-6238.376
-6180.774
-6220.371
-6180.927
-6290.105
-6194.919
-6222.175
-6185.045
-6214.863
-6206.122
-6173.516
-6191.687
-6208.889
-6179.633
-6191.653
-6191.922
-6235.021
-6226.769
-6178.812
-6193.021
-6206.573
-6195.777
-6245.599
-6179.351
-6177.649
-6198.789
-6193.772
-6184.66
-6214.881
-6213.234
-6177.511
-6222.168
-6185.186
-6213.876
-6185.769
-6187.573
-6188.725
-6179.27
-6195.588
-6181.456
-6174.439
-6181.89
-6184.401
-6205.422
-6217.079
-6221.561
-6238.647
-6214.981
-6217.042
-6203.641
-6178.409
-6179.959
-6201.926
-6201.835
-6196.09
-6187.007
-6200.629
-6190.2
-6190.887
-6214.244
-6189.993
-6179.586
-6181.075
-6252.606
-6190.493
-6178.966
-6228.077
-6208.638
-6189.897
-6256.691
-6183.927
-6231.073
-6180.523
-6209.164
-6194.81
-6180.159
-6222.176
-6186.815
-6190.115
-6178.559
-6203.414
-6185.612
-6186.746
-6187.187
-6195.59
-6270.097
-6176.496
-6214.059
-6198.755
-6199.227
-6223.468
-6205.585
-6193.008
-6253.346
-6193.575
-6280.094
-6247.44
-6177.902
-6221.149
-6172.883
-6171.965
-6185.58
-6181.997
-6182.632
-6182.875
-6177.478
-6242.608
-6219.97
-6174.466
-6190.234
-6250.469
-6202.03
-6178.153
-6196.37
-6205.986
-6204.614
-6217.572
-6220.491
-6180.698
-6194.619
-6190.795
-6178.579
-6184.115
-6180.356
-6177.606
-6180.118
-6179.96
-6176.916
-6179.863
-6217.942
-6176.531
-6202.081
-6182.092
-6195.349
-6177.388
-6176.979
-6188.857
-6178.818
-6196.864
-6182.685
-6175.381
-6185.249
-6217.854
-6182.95
-6174.188
-6246.182
-6198.681
-6230.141
-6178.117
-6179.34
-6189.11
-6173.695
-6227.356
-6206.256
-6194.203
-6232.665
-6177.746
-6173.854
-6184.711
-6174.022
-6219.888
-6221.696
-6175.432
-6181.088
-6226.951
-6186.808
-6206.58
-6178.05
-6238.133
-6187.375
-6234.541
-6308.354
-6253.52
-6186.846
-6209.051
-6178.102
-6179.125
-6190.327
-6206.357
-6220.356
-6180.94
-6182.787
-6175.446
-6185.068
-6197.421
-6187.915
-6180.976
-6184.983
-6174.221
-6258.092
-6224.843
-6202.843
-6175.124
-6178.275
-6240.372
-6183.412
-6192.578
-6185.794
-6232.832
-6179.068
-6197.325
-6201.912
-6173.578
-6192.88
-6239.608
-6199.385
-6183.296
-6287.935
-6185.24
-6241.123
-6201.949
-6181.392
-6205.359
-6187.272
-6179.943
-6186.349
-6188.765
-6179.348
-6177.801
-6173.781
-6190.265
-6276.229
-6186.178
-6188.399
-6199.595
-6178.501
-6173.056
-6190.145
-6197.77
-6228.736
-6187.039
-6200.525
-6186.792
-6183.806
-6189.105
-6185.936
-6177.321
-6227.784
-6173.417
-6200.655
-6233.013
-6184.586
-6268.16
-6211.789
-6209.549
-6233.108
-6233.284
-6181.875
-6202.653
-6186.507
-6174.18
-6180.277
-6178.448
-6173.519
-6173.515
-6175.681
-6228.286
-6204.323
-6198.725
-6189.003
-6224.164
-6189.902
-6179.976
-6195.793
-6213.235
-6174.743
-6266.005
-6202.828
-6181.917
-6220.082
-6176.258
-6245.827
-6181.219
-6180.693
-6198.066
-6223.674
-6184.672
-6187.735
-6237.92
-6185.768
-6200.447
-6206.346
-6201.981
-6177.099
-6185.214
-6199.717
-6177.968
-6197.056
-6213.688
-6177.33
-6226.352
-6200.755
-6182.713
-6196.59
-6225.213
-6180.727
-6209.745
-6212.381
-6218.372
-6178.335
-6213.48
-6173.731
-6197.429
-6206.162
-6206.915
-6216.636
-6179.329
-6178.315
-6180.114
-6186.307
-6180.307
-6179.56
-6184.16
-6180.96
-6227.909
-6190.311
-6178.821
-6187.055
-6214.602
-6201.25
-6202.695
-6187.357
-6186.267
-6179.19
-6179.746
-6217.064
-6190.459
-6202.399
-6219.494
-6180.955
-6182.605
-6198.291
-6179.465
-6183.112
-6173.905
-6226.589
-6193.873
-6199.433
-6186.99
-6191.755
-6210.268
-6199.626
-6174.68
-6200.055
-6178.332
-6187.931
-6183.278
-6190.902
-6199.885
-6225.444
-6192.113
-6198.767
-6238.891
-6181.532
-6190.4
-6214.13
-6179.02
-6188.874
-6183.481
-6190.458
-6184.782
-6191.523
-6193.615
-6221.374
-6216.423
-6259.31
-6187.232
-6178.966
-6190.915
-6201.152
-6196.585
-6199.333
-6186.916
-6183.683
-6180.832
-6228.879
-6188.958
-6174.402
-6205.817
-6185.123
-6180.131
-6222.949
-6191.959
-6203.942
-6187.333
-6180.305
-6189.456
-6184.589
-6248.952
-6189.194
-6183.46
-6271.715
-6177.231
-6237.588
-6194.82
-6196.255
-6186.99
-6186.181
-6177.014
-6178.925
-6181.831
-6225.423
-6211.618
-6175
-6220.977
-6276.166
-6177.92
-6178.719
-6175.247
-6258.181
-6216.715
-6211.98
-6188.788
-6238.092
-6206.933
-6235.703
-6187.121
-6181.623
-6186.01
-6189.987
-6219.905
-6185.203
-6172.926
-6215.657
-6177.353
-6186.355
-6224.222
-6184.014
-6182.86
-6188.502
-6183.97
-6191.997
-6219.066
-6185.522
-6181.01
-6199.148
-6196.687
-6197.969
-6205.646
-6217.449
-6178.367
-6190.094
-6177.321
-6187.325
-6203.891
-6219.047
-6178.777
-6185.11
-6190.683
-6203.442
-6206.111
-6178.72
-6186.373
-6194.798
-6276.466
-6185.118
-6183.009
-6206.309
-6217.236
-6184.17
-6214.896
-6180.98
-6175.229
-6206.417
-6193.969
-6201.788
-6189.574
-6189.98
-6201.468
-6184.044
-6180.042
-6185.059
-6219.655
-6194.046
-6188.406
-6181.861
-6213.529
-6196.549
-6219.173
-6238.388
-6197.161
-6202.76
-6177.955
-6178.438
-6178.292
-6181.295
-6188.046
-6226.789
-6223.76
-6257.448
-6189.105
-6194.587
-6184.266
-6205.041
-6236.606
-6194.291
-6209.382
-6180.216
-6200.296
-6234.389
-6175.862
-6177.742
-6190.475
-6193.076
-6187.585
-6192.739
-6210.084
-6184.597
-6179.62
-6193.624
-6180.925
-6184.71
-6203.783
-6192.746
-6190.364
-6175.766
-6215.092
-6180.632
-6192.439
-6200.085
-6225.7
-6200.553
-6194.86
-6195.144
-6273.104
-6213.615
-6185.729
-6182.284
-6217.588
-6190.753
-6207.751
-6182.102
-6187.622
-6214.492
-6199.215
-6210.996
-6182.564
-6193.031
-6184.998
-6201.738
-6191.844
-6201.335
-6201.08
-6231.163
-6207.068
-6181.051
-6221.765
-6208.548
-6209.738
-6192.468
-6180.162
-6189.091
-6179.796
-6178.097
-6175.562
-6202.967
-6186.417
-6239.475
-6205.065
-6203.126
-6204.575
-6184.952
-6187.381
-6180.303
-6236.852
-6179.807
-6180.13
-6215.323
-6193.712
-6179.487
-6178
-6183.88
-6184.61
-6193.255
-6241.569
-6192.739
-6180.956
-6197.249
-6181.033
-6175.18
-6177.648
-6183.541
-6231.924
-6181.556
-6190.884
-6182.598
-6179.446
-6222.222
-6203.702
-6185.016
-6212.159
-6203.247
-6200.357
-6275.183
-6221.894
-6183.579
-6174.727
-6212.116
-6187.805
-6208.523
-6302.777
-6191.021
-6201.689
-6181.906
-6209.847
-6183.843
-6242.628
-6187.339
-6181.502
-6183.444
-6216.309
-6203.349
-6184.921
-6179.983
-6179.939
-6190.834
-6194.669
-6193.595
-6236.706
-6190.465
-6188.045
-6180.876
-6181.26
-6179.883
-6187.097
-6212.158
-6213.277
-6192
-6179.44
-6205.894
-6201.096
-6182.635
-6194.616
-6194.039
-6193.577
-6182.201
-6179.446
-6191.821
-6216.198
-6200.99
-6185.227
-6253.316
-6182.887
-6222.815
-6210.656
-6193.601
-6189.843
-6193.139
-6198.327
-6181.446
-6192.197
-6206
-6190.519
-6280.65
-6204.31
-6186.295
-6188.2
-6222.651
-6180.758
-6191.718
-6205.768
-6214.635
-6180.904
-6179.634
-6180.951
-6206.035
-6182.809
-6176.738
-6267.13
-6189.884
-6187.047
-6193
-6183.713
-6177.797
-6231.655
-6191.744
-6199.644
-6182.176
-6180.179
-6189.257
-6189.359
-6179.007
-6180.986
-6271.938
-6197.982
-6184.602
-6231.834
-6177.864
-6188.454
-6193.187
-6178.117
-6238.529
-6223.802
-6184.44
-6214.812
-6195.39
-6197.606
-6191.182
-6189.707
-6188.235
-6178.707
-6197.025
-6217.032
-6180.925
-6194.156
-6192.36
-6186.943
-6182.062
-6213.381
-6205.062
-6208.407
-6200.741
-6186.803
-6205.389
-6194.391
-6224.074
-6195.055
-6196.166
-6181.825
-6224.761
-6174.343
-6175.787
-6237.954
-6173.595
-6203.919
-6205.155
-6191.43
-6180.424
-6178.674
-6240.198
-6185.752
-6188.878
-6258.03
-6181.395
-6193.817
-6193.469
-6190.17
-6179.771
-6222.861
-6186.847
-6186.33
-6175.335
-6189.875
-6189.955
-6175.505
-6181.527
-6279.549
-6205.271
-6179.534
-6186.328
-6178.604
-6176.924
-6198.002
-6202.717
-6178.741
-6183.927
-6189.484
-6176.331
-6184.9
-6186.699
-6187.473
-6214.353
-6184.408
-6181.505
-6194.416
-6201.968
-6189.037
-6182.119
-6189.104
-6190.779
-6185.279
-6190.316
-6174.763
-6177.349
-6200.07
-6190.537
-6200.537
-6203.183
-6186.472
-6178.602
-6183.801
-6199.518
-6200.231
-6184.914
-6233.253
-6187.537
-6188.043
-6180.365
-6185.876
-6320.757
-6191.382
-6220.423
-6188.116
-6216.049
-6189.704
-6180.145
-6186.851
-6187.311
-6193.529
-6205.538
-6240.526
-6203.698
-6201.541
-6220.916
-6177.673
-6179.927
-6183.173
-6175.519
-6229.316
-6189.503
-6210.077
-6182.998
-6190.361
-6213.532
-6213.997
-6200.053
-6180.638
-6212.289
-6191.094
-6226.661
-6182.474
-6181.572
-6186.171
-6198.249
-6183.02
-6189.15
-6188.001
-6185.334
-6192.589
-6184.266
-6225.913
-6223.529
-6186.945
-6176.557
-6218.832
-6193.11
-6182.444
-6195.618
-6243.633
-6183.534
-6230.158
-6198.862
-6178.283
-6218.798
-6184.302
-6179.53
-6218.8
-6175.952
-6204.957
-6195.335
-6218.502
-6217.5
-6187.018
-6184.483
-6176.446
-6181.598
-6183.557
-6180.288
-6188.313
-6207.279
-6222.967
-6183.692
-6186.718
-6199.729
-6201.807
-6193.483
-6182.74
-6195.549
-6199.708
-6199.88
-6216.057
-6207.668
-6179.06
-6187.076
-6177.756
-6182.2
-6200.109
-6184.202
-6184.361
-6219.526
-6186.89
-6179.838
-6203.192
-6219.217
-6206.296
-6183.384
-6184.574
-6200.878
-6200.363
-6185.09
-6185.362
-6188.669
-6211.293
-6208.839
-6180.926
-6215.835
-6176.798
-6196.571
-6184.893
-6229.62
-6208.833
-6196.435
-6196.823
-6219.349
-6183.836
-6185.365
-6183.762
-6175.367
-6183.308
-6182.394
-6184.538
-6200.153
-6186.681
-6205.129
-6202.142
-6179.831
-6201.896
-6214.037
-6185.707
-6195.523
-6197.458
-6204.107
-6204.578
-6181.488
-6181.565
-6186.261
-6258.871
-6233.62
-6269.169
-6186.023
-6191.4
-6191.934
-6184.285
-6231.839
-6183.436
-6197.045
-6196.088
-6191.043
-6194.295
-6313.719
-6201.672
-6186.146
-6185.151
-6240.491
-6176.129
-6201.376
-6197.507
-6181.113
-6208.409
-6187.06
-6185.832
-6197.846
-6197.519
-6248.485
-6181.16
-6243.739
-6211.914
-6193.651
-6179.509
-6191.565
-6187.886
-6268.431
-6177.077
-6272.199
-6220.91
-6184.441
-6223.694
-6196.95
-6234.451
-6196.71
-6204.077
-6226.127
-6230.576
-6185.6
-6178.678
-6198.328
-6177.792
-6183.075
-6216.354
-6183.397
-6215.9
-6224.18
-6269.308
-6204.108
-6180.806
-6181.323
-6184.637
-6192.309
-6186.123
-6177.206
-6232.531
-6188.954
-6189.547
-6205.452
-6198.904
-6193.832
-6239.147
-6179.688
-6190.151
-6218.936
-6177.615
-6188.816
-6194.538
-6195.256
-6250.018
-6214.639
-6186.554
-6202.109
-6208.648
-6205.564
-6217.931
-6231.344
-6193.05
-6206.865
-6178.675
-6186.374
-6196.416
-6198.144
-6265.254
-6242.654
-6225.208
-6238.713
-6187.563
-6269.558
-6189.496
-6190.605
-6255.131
-6208.601
-6205.911
-6247.77
-6176.819
-6179.478
-6202.699
-6281.562
-6214.502
-6186.491
-6197.083
-6180.832
-6191.369
-6190.685
-6195.26
-6191.031
-6188.3
-6194.877
-6206.397
-6186.424
-6181.653
-6177.405
-6202.474
-6204.247
-6179.894
-6182.519
-6179.535
-6196.079
-6182.786
-6200.177
-6231.989
-6185.591
-6184.941
-6212.847
-6195.492
-6189.8
-6186.688
-6180.976
-6184.523
-6176.47
-6207.788
-6179.223
-6189.406
-6195.148
-6197.097
-6190.315
-6190.715
-6183.927
-6195.744
-6188.783
-6221.084
-6180.917
-6187.031
-6184.955
-6211.074
-6194.047
-6194.482
-6181.094
-6180.682
-6188.49
-6205.575
-6185.443
-6176.208
-6174.468
-6176.699
-6186.162
-6191.961
-6194.642
-6211.08
-6177.334
-6183.736
-6188.144
-6187.682
-6182.244
-6215.199
-6182.734
-6178.095
-6182.927
-6217.442
-6200.673
-6176.721
-6252.491
-6176.709
-6181.638
-6195.486
-6176.097
-6177.962
-6205.416
-6179.809
-6193.934
-6208.449
-6199.733
-6193.554
-6174.341
-6218.383
-6182.022
-6176.874
-6191.298
-6179.794
-6183.117
-6191.073
-6183.373
-6210.691
-6183.171
-6224.333
-6197.577
-6195.45
-6192.149
-6207.283
-6266.719
-6197.04
-6175.636
-6198.572
-6187.751
-6223.225
-6185.697
-6186.701
-6202.397
-6202.353
-6183.124
-6186.551
-6183.265
-6243.078
-6192.547
-6205.958
-6239.583
-6182.455
-6187.847
-6188.169
-6180.169
-6207.275
-6192.206
-6204.409
-6266.649
-6203.74
-6187.188
-6207.18
-6183.468
-6188.886
-6188.126
-6193.542
-6193.443
-6192.847
-6185.877
-6188.22
-6201.435
-6189.101
-6190.701
-6185.252
-6178.549
-6180.423
-6186.55
-6196.501
-6212.845
-6193.362
-6253.953
-6188.453
-6201.854
-6207.626
-6182.36
-6184.229
-6196.166
-6181.784
-6182.569
-6198.803
-6189.484
-6264.566
-6191.588
-6182.002
-6197.593
-6181.6
-6177.593
-6203.391
-6182.529
-6187.043
-6186.292
-6224.114
-6199.161
-6182.858
-6187.984
-6215.897
-6187.92
-6203.476
-6219.141
-6178.206
-6225.027
-6188.312
-6188.32
-6193.892
-6195.516
-6189.057
-6238.407
-6202.736
-6192.367
-6191.637
-6189.452
-6191.284
-6195.734
-6212.115
-6189.695
-6233.135
-6240.668
-6191.467
-6321.556
-6201.469
-6180
-6249.988
-6203.855
-6201.904
-6208.308
-6219.948
-6176.892
-6286.893
-6202.569
-6189.815
-6200.158
-6187.044
-6188.29
-6181.39
-6183.361
-6189.459
-6192.825
-6186.93
-6189.729
-6181.856
-6199.138
-6210.24
-6180.892
-6189.292
-6186.43
-6213.839
-6187.607
-6192.613
-6193.408
-6220.434
-6212.931
-6199.268
-6192.846
-6269.948
-6190.031
-6202.361
-6204.02
-6191.536
-6194.327
-6188.752
-6214.89
-6193.682
-6186.098
-6180.687
-6199.348
-6182.14
-6181.161
-6186.872
-6179.687
-6181.997
-6196.509
-6180.302
-6181.849
-6191.202
-6182.694
-6180.567
-6252.228
-6189.049
-6184.286
-6189.842
-6186.699
-6241.876
-6212.365
-6227.329
-6200.734
-6210.726
-6256.796
-6191.087
-6178.945
-6188.963
-6187.287
-6201.539
-6180.144
-6312.769
-6193.615
-6189.858
-6189.564
-6203.546
-6195.82
-6194.258
-6239.334
-6180.446
-6190.563
-6192.024
-6195.127
-6282.915
-6192.795
-6190.727
-6212.487
-6214.979
-6198.303
-6206.034
-6192.807
-6223.708
-6205.946
-6231.599
-6201.473
-6180.084
-6184.361
-6185.273
-6188.572
-6184.27
-6202.425
-6226.445
-6189.072
-6187.217
-6201.703
-6184.573
-6213.066
-6196.7
-6222.06
-6183.781
-6253.066
-6204.808
-6204.746
-6210.157
-6212.83
-6192.779
-6228.196
-6197.424
-6189.904
-6216.698
-6182.09
-6221.425
-6255.845
-6198.603
-6185.623
-6204.219
-6251.95
-6194.076
-6185.539
-6199.992
-6206.857
-6189.831
-6190.252
-6186.547
-6206.988
-6205.761
-6195.463
-6187.626
-6263.288
-6234.953
-6178.942
-6185.605
-6188.451
-6223.961
-6181.154
-6206.868
-6194.705
-6343.557
-6207.841
-6194.722
-6192.533
-6212.03
-6185.618
-6187.3
-6180.127
-6176.669
-6174.329
-6178.849
-6205.894
-6202.946
-6197.06
-6233.95
-6185.318
-6176.527
-6177.672
-6200.444
-6185.122
-6180.466
-6186.581
-6182.679
-6249.963
-6180.566
-6194.913
-6186
-6188.808
-6182.549
-6179.049
-6213.871
-6198.808
-6180.201
-6201.263
-6187.415
-6190.382
-6179.697
-6193.151
-6193.445
-6183.704
-6182.582
-6197.797
-6215.107
-6201.372
-6183.79
-6179.504
-6181.644
-6180.802
-6182.875
-6183.94
-6190.838
-6178.319
-6186.424
-6186.378
-6197.89
-6207.024
-6181.737
-6177.384
-6185.742
-6187.454
-6229.301
-6198.467
-6235.002
-6189.334
-6191.016
-6173.177
-6211.266
-6198.014
-6174.43
-6191.763
-6203.125
-6200.97
-6203.018
-6201.02
-6211.273
-6176.432
-6190.297
-6185.884
-6181.844
-6200.49
-6219.192
-6186.778
-6182.76
-6179.347
-6192.052
-6198.157
-6181.827
-6187.841
-6189.255
-6194.927
-6181.484
-6186.515
-6176.811
-6240.831
-6201.959
-6190.546
-6190.856
-6180.132
-6184.874
-6185.962
-6199.38
-6194.936
-6180.56
-6187.702
-6176.95
-6190.552
-6178.063
-6228.956
-6191.769
-6183.975
-6200.419
-6197.838
-6199.805
-6230.053
-6175.002
-6195.607
-6199.83
-6193.383
-6185.845
-6209.923
-6204.945
-6198.003
-6196.819
-6194.023
-6181.33
-6218.945
-6184.523
-6172.73
-6193.45
-6181.94
-6211.771
-6181.567
-6201.109
-6185.572
-6181.498
-6178.791
-6200.331
-6186.09
-6184.074
-6186.035
-6184.458
-6177.625
-6198.528
-6195.08
-6207.727
-6186.794
-6178.173
-6173.153
-6192.944
-6201.107
-6180.94
-6264.601
-6180.907
-6187.953
-6198.261
-6177.88
-6191.939
-6184.948
-6173.856
-6172.486
-6223.838
-6197.753
-6182.49
-6242.377
-6212.175
-6187.263
-6237.852
-6200.456
-6190.22
-6177.787
-6196.352
-6235.847
-6201.868
-6183.881
-6186.906
-6173.4
-6176.237
-6239.72
-6229.026
-6178.443
-6189.859
-6173.122
-6185.772
-6172.972
-6186.876
-6201.912
-6180.936
-6216.43
-6179.875
-6205.221
-6181.071
-6219.053
-6271.462
-6181.781
-6181.153
-6181.028
-6176.144
-6176.095
-6184.108
-6184.317
-6173.083
-6188.242
-6177.657
-6242.901
-6200.607
-6181.127
-6239.333
-6201.834
-6181.01
-6195.307
-6187.478
-6184.408
-6221.798
-6195.511
-6182.017
-6180.734
-6215.637
-6198.344
-6183.178
-6177.427
-6187.355
-6179.058
-6177.603
-6173.325
-6234.566
-6197.697
-6197.078
-6212.686
-6235.26
-6200.032
-6188.857
-6209.197
-6206.388
-6173.897
-6205.92
-6288.514
-6177.146
-6186.197
-6206.305
-6209.109
-6195.731
-6207.337
-6177.938
-6201.766
-6217.117
-6193.375
-6187.116
-6216.945
-6178.35
-6238.458
-6181.586
-6174.322
-6286.682
-6174.752
-6189.177
-6171.107
-6183.886
-6223.324
-6245.85
-6199.164
-6177.822
-6234.808
-6175.648
-6171.445
-6188.101
-6202.493
-6198.945
-6196.362
-6207.968
-6178.499
-6178.119
-6178.616
-6181.472
-6183.71
-6181.927
-6269.645
-6180.217
-6184.416
-6178.815
-6218.134
-6171.797
-6188.216
-6218.628
-6179.065
-6176.885
-6181.487
-6207.45
-6172.541
-6176.268
-6222.304
-6297.07
-6175.935
-6177.23
-6173.25
-6192.371
-6180.394
-6176.486
-6203.126
-6175.588
-6203.258
-6177.125
-6203.087
-6243.301
-6189.269
-6184.032
-6232.659
-6181.311
-6200.08
-6194.656
-6194.998
-6214.391
-6187.396
-6207.224
-6191.596
-6213.959
-6187.111
-6187.854
-6182.662
-6181.69
-6207.983
-6186.328
-6194.925
-6199.764
-6190.748
-6193.616
-6184.591
-6234.009
-6188.252
-6203.446
-6264.863
-6243.534
-6250.532
-6205.267
-6190.323
-6179.912
-6176.168
-6209.607
-6211.665
-6186.541
-6222.477
-6183.541
-6211.539
-6173.243
-6188.786
-6267.884
-6185.358
-6199.754
-6196.522
-6202.246
-6183.945
-6204.471
-6213.897
-6188.201
-6204.241
-6174.586
-6191.086
-6186.691
-6202.946
-6217.401
-6178.449
-6190.867
-6206.701
-6197.521
-6220.696
-6194.712
-6182.925
-6218.226
-6213.503
-6174.297
-6240.94
-6194.144
-6252.083
-6201.152
-6210.905
-6242.735
-6198.306
-6179.806
-6177.769
-6194.174
-6238.366
-6183.493
-6208.661
-6183.569
-6192.099
-6220.63
-6188.925
-6187.769
-6229.636
-6198.111
-6187.382
-6246.567
-6180.652
-6189.509
-6181.873
-6172.345
-6188.029
-6186.776
-6175.939
-6187.027
-6179.978
-6180.241
-6215.351
-6173.477
-6197.534
-6182.686
-6178.749
-6191.971
-6196.05
-6186.988
-6234.03
-6193.257
-6177.93
-6203.816
-6173.669
-6176.164
-6187.582
-6209.197
-6177.85
-6195.387
-6185.761
-6182.119
-6201.963
-6178.334
-6182.482
-6183.603
-6188.817
-6182.73
-6187.627
-6227.56
-6259.719
-6183.215
-6223.196
-6174.161
-6194.426
-6199.926
-6175.101
-6174.932
-6208.352
-6218.621
-6195.29
-6178.233
-6177.358
-6193.132
-6236.703
-6196.29
-6213.225
-6191.043
-6239.713
-6187.511
-6184.392
-6176.051
-6193.694
-6214.767
-6228.94
-6187.012
-6176.874
-6178.362
-6195.217
-6177.939
-6173.516
-6184.934
-6171.443
-6177.031
-6207.804
-6195.917
-6251.872
-6199.588
-6178.467
-6193.01
-6194.245
-6218.808
-6245.735
-6173.309
-6180.644
-6186.332
-6194.387
-6233.196
-6190.756
-6197.265
-6185.084
-6172.558
-6173.02
-6179.338
-6181.138
-6196.133
-6182.575
-6183.221
-6188.427
-6185.273
-6185.847
-6201.872
-6193.15
-6197.653
-6203.528
-6181.129
-6295.338
-6196.513
-6186.419
-6191.048
-6197.082
-6191.582
-6182.452
-6270.477
-6218.786
-6259.403
-6199.448
-6202.467
-6185.454
-6226.041
-6238.283
-6178.973
-6253.615
-6175.382
-6183.688
-6182.809
-6187.87
-6189.169
-6191.859
-6177.026
-6179.28
-6176.734
-6193.081
-6194.07
-6181.61
-6182.409
-6180.458
-6175.725
-6190.36
-6178.857
-6196.413
-6199.413
-6255.87
-6182.609
-6189.652
-6191.599
-6223.108
-6208.317
-6181.336
-6241.353
-6222.665
-6196.959
-6200.299
-6247.427
-6193.709
-6178.535
-6199.848
-6194.432
-6210.849
-6181.73
-6196.019
-6182.585
-6186.153
-6190.835
-6184.699
-6203.295
-6175.91
-6195.804
-6194.229
-6175.309
-6180.284
-6189.915
-6176.766
-6264.267
-6179.149
-6175.572
-6191.839
-6182.028
-6181.868
-6177.022
-6245.699
-6177.829
-6228.762
-6198.003
-6187.466
-6252.842
-6199.397
-6186.876
-6211.766
-6174.074
-6201.196
-6193.072
-6185.085
-6171.131
-6182.102
-6183.166
-6221.775
-6172.595
-6199.509
-6196.333
-6246.991
-6174.007
-6183.638
-6191.163
-6202.169
-6170.367
-6173.103
-6182.131
-6211.043
-6228.236
-6175.137
-6175.692
-6186.388
-6185.403
-6197.247
-6200.018
-6178.559
-6170.14
-6186.547
-6203.747
-6172.514
-6240.767
-6174.132
-6171.707
-6242.901
-6183.27
-6205.95
-6250.442
-6187.118
-6178.916
-6210.363
-6249.546
-6304.062
-6187.346
-6179.738
-6210.739
-6189.233
-6171.977
-6188.244
-6184.59
-6189.916
-6297.351
-6221.737
-6188.713
-6187.748
-6216.718
-6194.64
-6185.211
-6171.101
-6212.713
-6214.166
-6179.878
-6214.019
-6204.223
-6193.945
-6208.271
-6181.345
-6173.826
-6182.077
-6190.932
-6176.85
-6193.095
-6181.46
-6178.613
-6204.54
-6279.653
-6182.709
-6189.259
-6175.05
-6219.712
-6238.201
-6262.788
-6181.338
-6244.543
-6181.781
-6181.761
-6174.88
-6203.965
-6182.814
-6171.712
-6180.724
-6181.97
-6174.714
-6173.43
-6209.788
-6182.637
-6201.937
-6208.095
-6203.072
-6173.152
-6207.879
-6219.659
-6176.199
-6171.354
-6192.712
-6186.333
-6194.906
-6191.406
-6199.672
-6198.049
-6179.433
-6173.45
-6204.742
-6195.028
-6175.566
-6176.868
-6180.873
-6195.643
-6188.955
-6223.977
-6197.493
-6190.219
-6195.41
-6197.307
-6179.615
-6189.688
-6209.038
-6261.243
-6180.495
-6183.951
-6177.784
-6191.276
-6202.559
-6202.548
-6176.393
-6174.568
-6176.037
-6174.649
-6189.218
-6182.602
-6181.449
-6223.002
-6206.936
-6203.386
-6178.1
-6203.358
-6241.641
-6180.871
-6173.397
-6214.915
-6178.23
-6200.83
-6213.067
-6196.706
-6178.741
-6188.093
-6198.226
-6204.86
-6183.791
-6188.435
-6174.917
-6198.487
-6258.175
-6184.014
-6195.862
-6189.213
-6271.581
-6232.776
-6180.965
-6203.037
-6195.412
-6192.213
-6181.463
-6184.941
-6201.71
-6187.022
-6202.69
-6189.275
-6263.459
-6180.01
-6184.216
-6179.76
-6182.941
-6179.039
-6237.795
-6182.292
-6277.632
-6206.983
-6179.012
-6210.396
-6175.53
-6199.316
-6183.619
-6195.3
-6185.323
-6208.914
-6200.007
-6186.155
-6206.132
-6187.811
-6210.145
-6178.743
-6180.167
-6173.302
-6254.225
-6179.964
-6193.469
-6187.288
-6325.011
-6183.449
-6175.253
-6177.853
-6201.053
-6181.527
-6181.229
-6191.195
-6178.885
-6194.583
-6176.509
-6193.943
-6190.805
-6182.89
-6172.908
-6242.228
-6198.237
-6205.839
-6185.867
-6188.143
-6172.451
-6191.79
-6204.347
-6174.538
-6190.45
-6180.31
-6208.645
-6186.538
-6212.261
-6173.14
-6213.457
-6173.033
-6176.065
-6194.969
-6175.545
-6179.808
-6180.711
-6189.484
-6194.045
-6185.672
-6174.07
-6188.141
-6189.432
-6205.659
-6188.594
-6179.937
-6189.203
-6183.525
-6193.421
-6255.014
-6200.584
-6179.602
-6179.901
-6205.644
-6187.733
-6184.743
-6183.676
-6296.894
-6191.814
-6189.3
-6201.943
-6185.586
-6196.32
-6219.231
-6274.632
-6189.897
-6175.906
-6193.974
-6180.746
-6245.977
-6196.207
-6286.666
-6178.683
-6198.77
-6212.932
-6210.449
-6189.127
-6187.764
-6208.579
-6213.387
-6184.042
-6176.957
-6203.393
-6183.431
-6260.368
-6202.979
-6179.453
-6180.556
-6204.006
-6230.258
-6205.69
-6184.511
-6176.829
-6211.31
-6179.9
-6197.548
-6181.397
-6188.656
-6192.742
-6175.484
-6182.596
-6175.175
-6228.093
-6183.12
-6200.476
-6186.838
-6185.016
-6176.37
-6189.207
-6187.821
-6214.148
-6174.993
-6192.493
-6197.264
-6176.234
-6183.501
-6192.662
-6198.294
-6210.837
-6197.647
-6232.161
-6175.122
-6217.672
-6231.345
-6179.542
-6228.201
-6176.69
-6181.225
-6189.278
-6181.671
-6187.785
-6228.619
-6179.283
-6231.278
-6182.35
-6188.896
-6183.829
-6185.818
-6174.174
-6226.23
-6244.018
-6175.361
-6187.066
-6247.169
-6180.233
-6182.243
-6182.971
-6186.673
-6184.656
-6211.304
-6199.568
-6187.841
-6177.644
-6193.971
-6187.285
-6188.755
-6220.487
-6207.702
-6194.09
-6250.951
-6178.708
-6183.941
-6183.655
-6218.2
-6188.898
-6172.431
-6182.928
-6180.236
-6191.382
-6326.451
-6189.281
-6175.214
-6175.941
-6188.319
-6177.075
-6200.664
-6189.953
-6175.977
-6177.865
-6173.402
-6175.545
-6181.107
-6180.882
-6205.441
-6184.474
-6179.522
-6216.242
-6191.716
-6180.254
-6189.005
-6188.343
-6200.706
-6191.167
-6287.933
-6214.635
-6198.485
-6199.572
-6182.973
-6174.104
-6191.757
-6198.318
-6188.856
-6173.186
-6183.059
-6176.763
-6192.247
-6250.017
-6179.781
-6170.844
-6184.475
-6210.507
-6180.805
-6173.399
-6219.159
-6170.327
-6192.791
-6173.63
-6183.439
-6188.92
-6207.852
-6180.135
-6263.976
-6187.325
-6178.992
-6207.79
-6182.955
-6192.47
-6183.794
-6173.716
-6177.33
-6172.985
-6214.628
-6197.937
-6181.383
-6202.148
-6223.391
-6181.552
-6186.777
-6433.433
-6195.976
-6191.05
-6200.931
-6173.463
-6206.448
-6183.727
-6292.012
-6191.988
-6220.574
-6194.39
-6186.447
-6195.775
-6197.289
-6215.152
-6246.616
-6226.763
-6168.979
-6173.968
-6199.086
-6195.204
-6188.503
-6195.602
-6212.257
-6175.972
-6182.099
-6193.226
-6185.978
-6207.371
-6179.757
-6193.897
-6178.69
-6189.087
-6183.12
-6218.93
-6185.684
-6200.028
-6182.77
-6197.259
-6197.898
-6177.831
-6192.998
-6171.251
-6187.961
-6192.08
-6196.034
-6203.936
-6189.016
-6187.495
-6278.167
-6211.236
-6178.005
-6214.065
-6173.439
-6195.894
-6179.929
-6176.522
-6188.156
-6177.687
-6199.291
-6246.433
-6183.829
-6186.261
-6185.439
-6200.825
-6210.073
-6182.701
-6175.381
-6195.147
-6177.465
-6169.953
-6185.926
-6174.493
-6184.336
-6268.914
-6189.709
-6181.947
-6173.32
-6184.448
-6190.055
-6193.625
-6173.957
-6181.636
-6184.42
-6170.039
-6179.014
-6197.592
-6255.066
-6188.698
-6203.543
-6188.551
-6175.247
-6178.242
-6192.105
-6214.222
-6183.84
-6176.914
-6174.915
-6175.796
-6184.109
-6298.385
-6200.497
-6174.022
-6195.553
-6188.538
-6170.884
-6201.486
-6189.317
-6176.758
-6174.903
-6187.215
-6196.388
-6184.534
-6172.84
-6181.702
-6179.847
-6193.76
-6174.44
-6174.714
-6227.369
-6184.168
-6190.812
-6197.14
-6211.704
-6201.617
-6190.386
-6184.429
-6192.365
-6236.258
-6189.473
-6191.058
-6235.595
-6283.276
-6184.467
-6206.828
-6179.889
-6198.612
-6186.779
-6187.241
-6185.559
-6201.81
-6191.054
-6174.576
-6177.161
-6177.823
-6173.034
-6194.112
-6172.627
-6177.857
-6223.541
-6226.949
-6215.142
-6195.655
-6192.503
-6192.401
-6191.182
-6173.564
-6237.255
-6180.984
-6188.887
-6221.261
-6182.102
-6178.175
-6181.299
-6211.909
-6215.025
-6181.342
-6178.311
-6175.031
-6182.483
-6194.669
-6199.058
-6204.947
-6175.154
-6180.678
-6201.208
-6218.458
-6241.035
-6189.533
-6211.366
-6194.718
-6185.831
-6170.921
-6181.231
-6198.839
-6180.717
-6172.75
-6180.933
-6199.115
-6181.303
-6172.96
-6174.929
-6203.985
-6179.718
-6190.728
-6200.693
-6208.103
-6201.016
-6189.21
-6176.084
-6188.545
-6189.52
-6191.696
-6187.732
-6186.767
-6175.707
-6173.385
-6250.066
-6189.139
-6194.266
-6188.617
-6212.797
-6182.909
-6191.546
-6219.037
-6207.982
-6188.066
-6173.133
-6173.344
-6173.102
-6185.949
-6207.363
-6180.073
-6213.371
-6192.718
-6184.32
-6216.679
-6171.053
-6180.074
-6186.262
-6197.868
-6181.534
-6182.064
-6200.834
-6207.295
-6232.209
-6178.55
-6194.472
-6188.81
-6215.097
-6213.072
-6177.18
-6181.283
-6178.436
-6176.796
-6175.806
-6185.538
-6178.637
-6180.798
-6215.121
-6176.17
-6175.194
-6178.162
-6187.23
-6192.413
-6205.104
-6175.099
-6172.38
-6216.597
-6177.697
-6209.163
-6200.96
-6180.877
-6205.476
-6176.184
-6186.18
-6177.968
-6177.138
-6178.112
-6192.894
-6202.625
-6180.892
-6213.733
-6193.215
-6225.782
-6197.189
-6181.414
-6175.507
-6194.731
-6258.294
-6229.886
-6201.243
-6197.045
-6180.323
-6174.36
-6176.333
-6181.011
-6199.484
-6179.714
-6206.663
-6168.03
-6175.047
-6253.144
-6182.595
-6178.173
-6167.214
-6186.62
-6182.789
-6179.956
-6180.292
-6177.132
-6169.541
-6176.286
-6222.9
-6192.464
-6171.912
-6169.697
-6179.049
-6172.998
-6195.293
-6240.661
-6183.114
-6190.085
-6197.821
-6170.347
-6171.33
-6201.938
-6217.746
-6191.31
-6188.984
-6201.878
-6172.726
-6176.397
-6185.249
-6194.668
-6171.153
-6172.923
-6176.098
-6175.895
-6200.367
-6179.083
-6185.524
-6192.457
-6173.032
-6173.04
-6191.897
-6190.494
-6204.669
-6212.374
-6177.17
-6181.398
-6199.666
-6174.771
-6222.794
-6189.513
-6180.704
-6203.504
-6167.89
-6188.432
-6187.416
-6169.888
-6175.549
-6183.924
-6185.629
-6177.893
-6170.742
-6193.064
-6189.993
-6182.441
-6226.061
-6172.454
-6169.277
-6179.626
-6171.088
-6167.478
-6172.712
-6178.561
-6172.833
-6182.448
-6180.192
-6170.897
-6204.11
-6170.934
-6194.795
-6183.295
-6199.517
-6167.807
-6228.583
-6195.514
-6233.726
-6173.353
-6182.033
-6188.092
-6233.674
-6193.104
-6186.461
-6176.311
-6181.878
-6175.299
-6221.278
-6185.175
-6211.349
-6224.566
-6181.808
-6310.468
-6208.662
-6189.658
-6176.709
-6174.153
-6197.231
-6176.852
-6202.246
-6191.519
-6198.781
-6170.985
-6207.382
-6169.572
-6170.15
-6176.487
-6184.924
-6180.831
-6212.174
-6187.758
-6173.061
-6194.174
-6179.288
-6172.041
-6183.863
-6176.056
-6184.706
-6193.819
-6202.231
-6235.279
-6170.182
-6194.241
-6196.78
-6177.834
-6172.578
-6189.037
-6175.276
-6179.009
-6184.469
-6189.506
-6181.046
-6182.867
-6176.079
-6174.263
-6189.205
-6177.078
-6171.409
-6188.963
-6177.83
-6205.393
-6184.614
-6171.517
-6179.19
-6177.053
-6178.572
-6185.665
-6177.575
-6206.812
-6178.608
-6183.662
-6198.874
-6172.585
-6226.274
-6173.568
-6176.047
-6172.606
-6168.439
-6173.742
-6174.838
-6174.064
-6231.07
-6196.602
-6184.672
-6175.05
-6176.056
-6209.81
-6174.227
-6174.724
-6199.685
-6227.196
-6246.073
-6176.294
-6176.494
-6174.661
-6204.073
-6170.248
-6176.959
-6172.261
-6170.454
-6173.138
-6177.034
-6234.764
-6228.851
-6176.38
-6205.192
-6177.5
-6184.723
-6174.503
-6179.703
-6171.825
-6209.389
-6180.851
-6174.915
-6180.321
-6192.41
-6175.89
-6171.51
-6170.87
-6204.282
-6196.367
-6168.091
-6170.071
-6181.44
-6240.872
-6176.323
-6170.269
-6182.9
-6183.763
-6209.853
-6196.523
-6201.597
-6204.727
-6185.621
-6172.471
-6176.127
-6171.465
-6190.439
-6188.473
-6192.463
-6176.889
-6193.596
-6181.72
-6174.276
-6205.574
-6189.995
-6203.998
-6181.541
-6246.055
-6193.585
-6190.651
-6185.07
-6182.16
-6187.199
-6234.391
-6178.991
-6195.663
-6190.638
-6175.433
-6204.027
-6176.724
-6196.697
-6176.49
-6258.44
-6201.043
-6173.835
-6185.226
-6230.146
-6173.447
-6194.602
-6180.554
-6207.388
-6199.845
-6199.241
-6174.549
-6169.872
-6185.894
-6194.109
-6188.757
-6206.346
-6189.885
-6173.811
-6174.86
-6193.524
-6176.21
-6197.32
-6182.335
-6173.47
-6194.542
-6180.406
-6217.933
-6174.867
-6170.353
-6193.302
-6182.583
-6178.674
-6179.54
-6177.827
-6174.951
-6187.999
-6176.453
-6172.893
-6171.803
-6194.593
-6175.438
-6192.972
-6178.493
-6175.229
-6177.369
-6180.484
-6189.232
-6194.442
-6196.633
-6179.697
-6175.152
-6175.464
-6173.006
-6172.647
-6182.668
-6182.015
-6176.226
-6194.024
-6170.795
-6176.368
-6190.77
-6226.24
-6217.784
-6179.943
-6225.357
-6169.414
-6182.167
-6197.348
-6203.024
-6195.038
-6183.407
-6189.681
-6179.359
-6261.262
-6168.052
-6175.695
-6168.16
-6194.446
-6172.114
-6182.985
-6189.121
-6179.937
-6172.969
-6179.314
-6177.611
-6177.644
-6172.49
-6185.683
-6193.332
-6171.172
-6174.765
-6178.152
-6188.704
-6170.829
-6190.402
-6181.022
-6180.28
-6189.142
-6180.69
-6194.228
-6177.891
-6176.115
-6191.23
-6174.637
-6178.723
-6174.271
-6208.944
-6274.032
-6184.904
-6184.598
-6234.346
-6186.873
-6188.114
-6175.776
-6234.454
-6176.591
-6170.035
-6185.565
-6175.534
-6170.992
-6183.178
-6208.721
-6173.451
-6191.05
-6171.413
-6176.999
-6225.608
-6178.807
-6173.797
-6175.444
-6184.632
-6196.962
-6179.993
-6185.593
-6183.999
-6176.799
-6185.166
-6200.466
-6183.793
-6205.42
-6182.387
-6236.455
-6177.415
-6189.788
-6237.665
-6173.393
-6181.196
-6177.985
-6177.848
-6182.473
-6168.893
-6181.996
-6220.097
-6178.845
-6171.923
-6171.254
-6168.212
-6173.812
-6217.838
-6220.636
-6197.33
-6179.64
-6198.023
-6180.16
-6166.466
-6229.691
-6167.529
-6172.173
-6173.155
-6169.606
-6171.223
-6167.635
-6188.362
-6172.439
-6181.861
-6178.858
-6168.052
-6171.532
-6190.682
-6199.412
-6179.274
-6170.695
-6172.796
-6186.169
-6187.204
-6187.81
-6216.29
-6182.807
-6175.727
-6200.225
-6183.514
-6195.178
-6185.431
-6236.521
-6172.138
-6172.326
-6192.617
-6236.049
-6181.502
-6215.8
-6188.915
-6170.771
-6168.946
-6169.02
-6183.663
-6188.806
-6172.745
-6180.425
-6175.065
-6190.19
-6164.865
-6177.363
-6175.194
-6165.549
-6180.001
-6173.186
-6185.349
-6180.549
-6167.941
-6179.422
-6182.893
-6176.886
-6179.815
-6191.566
-6180.702
-6165.176
-6160.669
-6164.296
-6185.211
-6178.394
-6187.708
-6194.395
-6192.369
-6167.559
-6175.953
-6167.242
-6187.907
-6165.629
-6167.717
-6170.149
-6172.718
-6157.698
-6163.799
-6183.028
-6157.645
-6175.793
-6166.663
-6158.633
-6163.12
-6189.798
-6172.064
-6183.878
-6153.663
-6167.158
-6154.272
-6154.239
-6172.418
-6145.023
-6166.903
-6181.96
-6166.399
-6146.881
-6154.998
-6164.843
-6152.65
-6167.353
-6183.839
-6176.708
-6163.741
-6195.332
-6152.002
-6158.298
-6177.839
-6168.463
-6151.212
-6163.528
-6157.951
-6169.868
-6152.148
-6149.087
-6144.545
-6150.985
-6153.3
-6146.543
-6154.98
-6149.074
-6151.78
-6148.16
-6157.241
-6148.444
-6155.004
-6144.652
-6153.369
-6154.752
-6161.56
-6175.312
-6151.103
-6153.219
-6160.304
-6154.992
-6152.741
-6147.758
-6156.584
-6157.954
-6158.592
-6154.224
-6145.517
-6147.18
-6158.76
-6148.527
-6158.709
-6151.582
-6151.442
-6164.265
-6149.595
-6152.708
-6165.071
-6148.19
-6160.929
-6171.226
-6157.106
-6153.376
-6180.88
-6147.208
-6154.641
-6157.122
-6167.225
-6153.469
-6150.805
-6162.919
-6163.153
-6158.087
-6188.263
-6155.843
-6176.48
-6152.876
-6154.52
-6151.134
-6153.259
-6158.881
-6170.358
-6149.82
-6153.887
-6153.486
-6166.814
-6151.367
-6185.073
-6154.312
-6157.452
-6163.381
-6148.482
-6168.113
-6208.912
-6152.057
-6168.124
-6161.251
-6160.078
-6171.911
-6148.935
-6163.367
-6183.572
-6146.723
-6159.675
-6164.253
-6165.658
-6169.581
-6154.507
-6148.69
-6161.49
-6151.979
-6163.754
-6164.641
-6161.556
-6166.095
-6187.256
-6177.544
-6146.668
-6156.491
-6146.903
-6148.883
-6150.583
-6163.105
-6181.334
-6170.838
-6157.216
-6167.604
-6162.202
-6149.867
-6151.73
-6156.202
-6158.371
-6142.294
-6148.13
-6159.756
-6153.203
-6152.046
-6140.056
-6149.366
-6148.073
-6159.477
-6152.845
-6166.147
-6151.147
-6149.484
-6143.282
-6144.021
-6155.279
-6141.286
-6166.072
-6148.58
-6152.079
-6179.992
-6177.545
-6150.243
-6139.52
-6154.025
-6140.201
-6148.453
-6158.13
-6164.105
-6147.313
-6158.157
-6166.19
-6147.972
-6186.061
-6140.916
-6148.034
-6157.848
-6159.285
-6147.757
-6210.641
-6149.499
-6158.938
-6146.798
-6142.487
-6158.104
-6149.586
-6145.328
-6152.663
-6156.174
-6145.536
-6156.209
-6148.05
-6163.461
-6158.27
-6153.134
-6154.181
-6151.169
-6165.6
-6151.573
-6137.953
-6168.836
-6141.818
-6174.106
-6146.171
-6198.142
-6146.431
-6144.402
-6147.891
-6140.505
-6143.594
-6147.383
-6141.902
-6158.147
-6138.828
-6136.891
-6167.573
-6158.643
-6141.96
-6141.784
-6143.935
-6136.841
-6149.051
-6165.151
-6170.351
-6149.636
-6151.658
-6146.026
-6139.251
-6160.659
-6148.961
-6152.039
-6141.939
-6174.532
-6150.07
-6143.727
-6157.688
-6141.568
-6162.161
-6161.716
-6189.635
-6148.091
-6146.483
-6141.638
-6168.255
-6139.545
-6155.994
-6144.861
-6147.065
-6147.18
-6146.763
-6162.358
-6158.543
-6152.533
-6152.726
-6141.696
-6139.211
-6181.726
-6153.001
-6140.223
-6155.503
-6139.979
-6139.099
-6144.748
-6189.395
-6155.358
-6157.974
-6142.904
-6154.843
-6148.671
-6137.656
-6139.647
-6151.864
-6142.249
-6153.549
-6178.481
-6149.49
-6147.433
-6150.355
-6144.437
-6161.815
-6149.873
-6154.93
-6149.294
-6146.09
-6155.072
-6160.499
-6144.534
-6140.455
-6138.406
-6156.517
-6143.894
-6139.989
-6145.691
-6167.326
-6139.482
-6177.648
-6142.759
-6149.268
-6145.437
-6139.719
-6249.007
-6158.828
-6182.541
-6156.401
-6149.505
-6150.828
-6168.045
-6144.852
-6154.736
-6137.9
-6152.37
-6151.721
-6165.318
-6152.191
-6173.406
-6158.648
-6148.045
-6162.782
-6156.586
-6160.695
-6155.904
-6144.25
-6145.811
-6147.1
-6145.491
-6139.384
-6154.911
-6145.449
-6152.091
-6143.054
-6143.8
-6145.255
-6140.404
-6153.811
-6152.773
-6149.701
-6158.257
-6142.699
-6155.396
-6142.841
-6145.987
-6141.575
-6160.524
-6136.701
-6151.394
-6160.632
-6143.841
-6143.169
-6145.2
-6139.225
-6147.524
-6153.75
-6148.947
-6152.032
-6159.028
-6148.09
-6141.956
-6148.806
-6152.744
-6186.633
-6182.167
-6143.94
-6172.097
-6148.283
-6138.849
-6146.612
-6160.639
-6162.557
-6159.225
-6143.441
-6146.079
-6145.387
-6156.463
-6139.034
-6153.579
-6164.088
-6144.678
-6144.06
-6150.287
-6153.917
-6135.696
-6157.191
-6137.39
-6136.623
-6140.291
-6143.023
-6142.366
-6140.32
-6143.67
-6216.218
-6144.888
-6135.75
-6145.452
-6176.692
-6146.956
-6152.967
-6137.859
-6234.919
-6145.216
-6144.235
-6136.297
-6141.302
-6149.149
-6177.065
-6138.154
-6142.053
-6160.494
-6159.976
-6145.92
-6140.235
-6143.344
-6137.323
-6149.479
-6140.416
-6162.792
-6148.847
-6153.755
-6140.598
-6138.596
-6162.024
-6155.712
-6183.05
-6145.819
-6153.012
-6149.976
-6143.79
-6156.998
-6149.63
-6149.833
-6152.673
-6157.083
-6143.124
-6180.841
-6143.376
-6140.932
-6144.433
-6142.536
-6148.081
-6149.021
-6141.893
-6145.107
-6142.191
-6146.849
-6138.277
-6140.701
-6146.28
-6136.636
-6141.419
-6141.395
-6146.739
-6152.383
-6145.609
-6153.592
-6145.791
-6152.386
-6151.197
-6143.101
-6148.912
-6153.403
-6182.545
-6152.263
-6143.88
-6154.389
-6140.436
-6145.98
-6138.521
-6216.248
-6151.611
-6156.762
-6139.631
-6150.676
-6141.368
-6141.029
-6145.691
-6170.208
-6145.925
-6141.073
-6139.162
-6150.427
-6152.022
-6161.498
-6140.476
-6149.864
-6154.012
-6148.335
-6154.328
-6143.541
-6141.159
-6173.766
-6150.986
-6171.28
-6140.539
-6148.164
-6147.012
-6142.967
-6145.576
-6142.137
-6220.734
-6165.378
-6153.702
-6154.922
-6157.581
-6152.45
-6148.701
-6168.019
-6161.335
-6155.828
-6153.429
-6150.711
-6166.857
-6146.246
-6151.087
-6153.782
-6151.555
-6176.814
-6159.824
-6148.465
-6168.906
-6156.425
-6150.238
-6166.057
-6145.576
-6155.445
-6180.811
-6196.249
-6143.397
-6154.438
-6176.596
-6170.688
-6145.668
-6154.699
-6148.654
-6150.369
-6149.721
-6138.181
-6144.72
-6148.141
-6183.075
-6142.682
-6156.272
-6149.84
-6147.338
-6169.51
-6152.361
-6162.599
-6147.324
-6145.407
-6148.808
-6142.067
-6153.267
-6140.53
-6184.818
-6145.976
-6159.728
-6146.505
-6140.397
-6142.962
-6146.448
-6168.217
-6144.255
-6150.834
-6141.474
-6143.788
-6138.836
-6154.944
-6138.676
-6158.972
-6149.249
-6143.854
-6141.197
-6150.5
-6141.97
-6157.926
-6151.524
-6139.051
-6144.894
-6153.174
-6149.049
-6139.023
-6139.57
-6152.004
-6141.498
-6141.173
-6159.79
-6144.52
-6148.955
-6152.486
-6141.525
-6145.5
-6145.842
-6141.168
-6141.001
-6152.444
-6142.092
-6140.039
-6137.626
-6158.978
-6154.542
-6182.221
-6139.175
-6145.753
-6149.268
-6139.336
-6147.032
-6144.765
-6144.089
-6139.381
-6145.012
-6139.786
-6145.164
-6136.729
-6143.08
-6157.461
-6135.966
-6141.76
-6153.412
-6138.582
-6138.562
-6140.163
-6149.528
-6154.351
-6139.551
-6163.843
-6135.741
-6138.768
-6136.02
-6148.39
-6143.161
-6139.294
-6136.207
-6144.17
-6139.082
-6135.104
-6145.525
-6136.383
-6139.208
-6166.365
-6139.275
-6146.028
-6141.374
-6144.252
-6150.846
-6144.021
-6139.126
-6156.05
-6142.258
-6136.422
-6135.867
-6146.198
-6151.707
-6136.652
-6137.171
-6150.813
-6141.864
-6135.037
-6149.257
-6135.565
-6143.893
-6136.6
-6139.961
-6153.365
-6155.991
-6144.345
-6174.042
-6147.612
-6154.919
-6157.681
-6142.127
-6138.085
-6145.301
-6147.538
-6154.817
-6135.629
-6176.635
-6149.981
-6145.492
-6142.414
-6139.144
-6170.294
-6155.524
-6161.325
-6174.65
-6145.988
-6141.548
-6143.267
-6135.393
-6148.768
-6142.349
-6139.903
-6142.603
-6140.38
-6142.369
-6138.893
-6153.716
-6165.629
-6142.048
-6151.674
-6138.488
-6145.451
-6148.013
-6144.188
-6140.615
-6148.004
-6139.035
-6143.318
-6142.99
-6140.053
-6145.238
-6139.916
-6147.9
-6137.234
-6141.82
-6151.361
-6139.94
-6139.893
-6138.648
-6143.931
-6138.717
-6139.039
-6138.654
-6152.466
-6149.514
-6146.949
-6135.575
-6145.156
-6137.034
-6145.545
-6143.374
-6148.212
-6149.671
-6141.891
-6141.442
-6139.154
-6148.272
-6141.416
-6140.331
-6149.903
-6135.932
-6145.043
-6139.485
-6157.998
-6145.698
-6141.754
-6149.075
-6143.657
-6141.201
-6155.921
-6157.935
-6141.7
-6168.988
-6144.288
-6145.149
-6143.557
-6150.416
-6157.14
-6150.276
-6140.522
-6153.753
-6140.325
-6139.046
-6141.617
-6144.057
-6148.76
-6154.536
-6143.829
-6157.985
-6153.301
-6149.092
-6160.319
-6153.244
-6147.515
-6140.77
-6179.25
-6166.595
-6140.188
-6150.276
-6145.818
-6143.849
-6141.191
-6150.663
-6153.739
-6145.736
-6150.737
-6141.276
-6143.39
-6147.201
-6150.577
-6145.478
-6154.924
-6150.693
-6143.353
-6144.278
-6154.745
-6167.621
-6144.354
-6149.346
-6149.767
-6156.413
-6156.241
-6173.709
-6147.29
-6148.533
-6142.677
-6142.634
-6144.674
-6143.164
-6147.646
-6157.656
-6141.995
-6147.531
-6142.545
-6139.106
-6153.338
-6153.041
-6149.905
-6153.625
-6142.358
-6153.234
-6144.326
-6152.955
-6151.214
-6147.657
-6140.374
-6151.151
-6144.191
-6158.075
-6148.611
-6143.883
-6147.871
-6151.357
-6144.538
-6189.552
-6146.823
-6147.51
-6145.986
-6147.792
-6143.71
-6153.574
-6151.152
-6155.853
-6147.304
-6145.966
-6154.819
-6145.87
-6144.612
-6149.567
-6145.829
-6142.458
-6152.883
-6150.216
-6150.881
-6173.122
-6142.62
-6143.342
-6143.225
-6140.06
-6142.442
-6143.251
-6151.059
-6137.483
-6143.162
-6138.5
-6141.287
-6150.614
-6151.689
-6145.458
-6152.471
-6145.33
-6141.017
-6143.138
-6145.413
-6161.272
-6144.186
-6146.728
-6147.604
-6150.621
-6136.939
-6141.152
-6138.569
-6143.744
-6139.842
-6146.513
-6141.125
-6137.608
-6141.132
-6148.977
-6139.481
-6145.414
-6142.243
-6159.577
-6146.46
-6138.34
-6146.331
-6143.203
-6141.431
-6139.618
-6142.051
-6175.885
-6144.324
-6147.27
-6139.711
-6151.132
-6145.456
-6136.938
-6137.752
-6149.603
-6151.153
-6162.302
-6143.017
-6145.759
-6144.99
-6138.903
-6149.842
-6163.992
-6148.118
-6154.076
-6154.821
-6147.107
-6155.333
-6157.577
-6142.201
-6153.894
-6154.698
-6144.757
-6139.116
-6141.942
-6160.852
-6156.427
-6145.094
-6145.712
-6144.441
-6151.374
-6140.653
-6150.929
-6142.577
-6142.898
-6139.692
-6144.097
-6141.158
-6150.405
-6137.553
-6143.959
-6150.324
-6136.983
-6144.199
-6139.763
-6146.946
-6147.07
-6141.995
-6140.442
-6140.994
-6138.224
-6144.447
-6142.56
-6142.496
-6140.604
-6141.885
-6144.631
-6140.342
-6150.405
-6151.178
-6139.659
-6143.869
-6144.664
-6162.634
-6144.996
-6147.317
-6141.021
-6142.769
-6144.642
-6167.278
-6153.848
-6150.709
-6152.302
-6140.349
-6170.854
-6192.448
-6139.909
-6151.713
-6179.353
-6156.855
-6154.704
-6146.151
-6154.346
-6137.647
-6140.691
-6139.265
-6139.274
-6143.404
-6136.901
-6141.153
-6145.421
-6139.667
-6153.472
-6148.632
-6143.883
-6141.63
-6149.941
-6135.887
-6157.458
-6141.822
-6149.296
-6142.824
-6141.513
-6144.924
-6173.879
-6150.746
-6145.149
-6148.599
-6157.992
-6143.09
-6140.102
-6149.193
-6140.382
-6138.976
-6147.155
-6138.535
-6143.87
-6137.106
-6145.226
-6144.285
-6142.068
-6156.154
-6145.684
-6151.807
-6143.143
-6137.219
-6142.816
-6138.182
-6149.938
-6148.869
-6138.423
-6146.6
-6142.696
-6144.798
-6140.18
-6136.338
-6140.65
-6150.614
-6144.388
-6155.471
-6143.852
-6139.927
-6138.539
-6150.08
-6142.378
-6150.038
-6140.647
-6139.909
-6141.936
-6137.757
-6139.829
-6140.96
-6140.004
-6138.283
-6143.679
-6137.592
-6154.472
-6144.975
-6149.954
-6140.218
-6147.114
-6199.835
-6139.5
-6147.054
-6145.579
-6146.177
-6158.328
-6139.874
-6148.719
-6143.894
-6153.519
-6136.57
-6141.389
-6142.11
-6142.178
-6148.893
-6144.317
-6141.404
-6138.899
-6147.003
-6140.169
-6136.809
-6142.127
-6153.269
-6145.861
-6138.803
-6136.48
-6145.646
-6138.349
-6141.013
-6144.1
-6144.919
-6140.767
-6144.837
-6144.975
-6141.554
-6162.306
-6141.294
-6144.295
-6142.687
-6144.731
-6161.55
-6153.858
-6138.105
-6144.091
-6138.598
-6142.17
-6145.37
-6141.223
-6151.914
-6143.584
-6161.152
-6144.126
-6151.338
-6158.263
-6158.206
-6153.705
-6139.837
-6136.832
-6148.095
-6139.401
-6140.542
-6147.558
-6144.484
-6142.906
-6147.559
-6144.343
-6147.598
-6143.273
-6141.896
-6162.272
-6155.198
-6148.128
-6145.01
-6143.531
-6138.492
-6140.281
-6137.155
-6139.036
-6140.769
-6144.979
-6145.744
-6138.19
-6142.441
-6138.217
-6138.889
-6141.935
-6140.99
-6138.754
-6142.662
-6141.064
-6138.645
-6140.12
-6141.296
-6136.812
-6156.738
-6141.927
-6145.078
-6141.125
-6143.583
-6135.49
-6157.951
-6149.12
-6147.213
-6152.115
-6142.726
-6140.113
-6141.886
-6148.611
-6145.217
-6140.067
-6141.412
-6138.834
-6142.14
-6153.57
-6137.91
-6144.384
-6140.794
-6139.731
-6140.706
-6146.104
-6142.22
-6145.871
-6143.353
-6139.293
-6139.133
-6151.396
-6139.731
-6143.091
-6137.956
-6147.345
-6160.524
-6147.346
-6153.039
-6156.085
-6145.667
-6141.474
-6141.031
-6148.515
-6151.77
-6143.248
-6148.831
-6161.807
-6160.373
-6145.064
-6159.907
-6149.4
-6149.048
-6145.01
-6143.558
-6154.635
-6155.109
-6145.01
-6151.925
-6153.691
-6153.544
-6145.859
-6150.842
-6147.952
-6174.592
-6161.23
-6155.11
-6153.676
-6150.866
-6159.382
-6141.869
-6145.202
-6143.116
-6142.307
-6167.964
-6162.735
-6152.163
-6175.074
-6141.919
-6139.873
-6140.66
-6143.218
-6138.612
-6141.188
-6143.117
-6145.134
-6148.698
-6148.286
-6151.593
-6178.24
-6147.624
-6140.64
-6157.538
-6149.325
-6160.195
-6142.633
-6145.264
-6141.796
-6147.835
-6139.86
-6150.069
-6145.945
-6143.875
-6149.693
-6142.015
-6140.802
-6154.196
-6142.414
-6150.079
-6156.442
-6160.182
-6142.646
-6147.928
-6142.753
-6149.015
-6155.761
-6146.684
-6146.719
-6150.017
-6144.026
-6152.791
-6149.115
-6153.286
-6149.969
-6170.415
-6141.453
-6146.938
-6154.498
-6141.819
-6143.97
-6145.856
-6154.599
-6144.483
-6150.586
-6146.341
-6141.26
-6138.758
-6147.672
-6139.219
-6146.033
-6139.603
-6173.135
-6142.768
-6156.664
-6154.86
-6139.714
-6139.159
-6137.977
-6140.971
-6145.895
-6142.01
-6139.37
-6163.475
-6142.72
-6171.038
-6144.796
-6162.577
-6140.293
-6146.582
-6140.587
-6176.725
-6146.364
-6145.755
-6148.525
-6166.477
-6144.898
-6162.88
-6142.684
-6138.631
-6143.737
-6140.185
-6145.087
-6159.326
-6161.242
-6142.591
-6140.691
-6156.554
-6143.918
-6146.13
-6159.65
-6147.709
-6145.294
-6147.337
-6144.17
-6145.41
-6140.256
-6145.632
-6154.54
-6146.4
-6142.263
-6140.9
-6164.628
-6147.962
-6165.935
-6147.964
-6144.979
-6173.031
-6150.705
-6139.967
-6141.605
-6151.409
-6183.472
-6152.852
-6141.295
-6144.465
-6142.809
-6142.404
-6150.519
-6143.038
-6154.248
-6153.856
-6146.312
-6146.226
-6142.452
-6150.26
-6142.882
-6146.791
-6142.762
-6155.756
-6143.711
-6142.452
-6139.313
-6140.553
-6148.658
-6148.144
-6151.295
-6145.2
-6149.892
-6143.924
-6144.477
-6145.508
-6144.335
-6170.211
-6142.543
-6143.803
-6151.72
-6143.27
-6144.312
-6144.811
-6138.056
-6150.537
-6143.236
-6146.156
-6159.011
-6151.867
-6148.922
-6153.594
-6158.58
-6142.907
-6148.531
-6143.022
-6145.949
-6139.968
-6150.051
-6142.267
-6146.132
-6157.054
-6145.392
-6159.949
-6163.12
-6145.523
-6144.189
-6141.71
-6147.762
-6148.151
-6145.437
-6139.446
-6148.254
-6147.178
-6138.679
-6151.947
-6169.153
-6151.97
-6149.229
-6157.2
-6145.211
-6139.656
-6143.094
-6144.905
-6154.28
-6154.822
-6168.449
-6144.395
-6156.81
-6163.061
-6138.807
-6141.993
-6145.273
-6144.758
-6150.39
-6148.413
-6173.462
-6159.085
-6143.711
-6155.959
-6141.49
-6146.029
-6146.142
-6142.624
-6148.159
-6178.287
-6145.189
-6149.863
-6144.212
-6137.45
-6147.278
-6151.202
-6142.942
-6141.918
-6157.18
-6152.557
-6164.457
-6144.581
-6144.242
-6141.219
-6149.508
-6137.764
-6143.695
-6142.033
-6152.029
-6137.601
-6148.888
-6147.247
-6141.93
-6159.818
-6157.034
-6152.244
-6140.546
-6154.268
-6148.178
-6140.342
-6149.434
-6144.491
-6159.777
-6143.014
-6154.671
-6140.735
-6135.396
-6145.092
-6140.279
-6142.733
-6146.371
-6139.716
-6139.469
-6149.5
-6153.368
-6141.011
-6153.59
-6139.42
-6138.36
-6137.401
-6142.411
-6135.597
-6151.341
-6141.833
-6145.392
-6151.427
-6137.462
-6137.306
-6144.936
-6152.343
-6150.597
-6140.572
-6158.124
-6142.626
-6146.476
-6189.831
-6146.06
-6141.499
-6152.028
-6140.477
-6147.795
-6135.87
-6147.983
-6137.767
-6137.6
-6146.017
-6142.75
-6148.687
-6142.736
-6139.235
-6144.881
-6143.337
-6141.301
-6142.622
-6159.163
-6144.924
-6157.015
-6156.528
-6156.227
-6142.442
-6143.901
-6145.447
-6168.313
-6143.157
-6138.275
-6142.833
-6147.371
-6140.953
-6138.789
-6151.496
-6146.971
-6151.066
-6157.189
-6154.805
-6148.995
-6148.751
-6166.585
-6156.467
-6144.005
-6143.28
-6140.85
-6141.116
-6147.769
-6143.996
-6151.201
-6139.411
-6151.746
-6149.777
-6144.92
-6145.542
-6143.923
-6138.117
-6151.364
-6140.755
-6146.573
-6143.21
-6148.4
-6163.817
-6143.389
-6147.541
-6148.397
-6141.414
-6141.088
-6139.96
-6145.976
-6160.505
-6149.407
-6145.836
-6161.181
-6137.794
-6144.763
-6141.634
-6151.128
-6158.9
-6143.685
-6156.587
-6154.159
-6150.187
-6140.985
-6140.079
-6158.302
-6143.679
-6158.328
-6178.164
-6167.178
-6144.459
-6153.04
-6148.319
-6147.13
-6152.862
-6188.742
-6157.886
-6136.597
-6140.012
-6140.729
-6181.934
-6139.099
-6139.713
-6147.154
-6144.047
-6142.956
-6161.797
-6140.301
-6140.274
-6160.045
-6145.093
-6136.64
-6145.304
-6149.086
-6139.851
-6148.508
-6149.681
-6141.537
-6136.44
-6147.275
-6152.754
-6152.191
-6140.615
-6140.442
-6141.511
-6141.543
-6142.84
-6146.473
-6148.684
-6155.857
-6151.972
-6137.066
-6160.411
-6149.755
-6152.236
-6140.874
-6154.889
-6146.995
-6153.183
-6152.447
-6152.442
-6141.575
-6143.243
-6138.11
-6145.598
-6158.258
-6145.964
-6143.43
-6142.017
-6139.808
-6140.596
-6140.603
-6150.621
-6157.147
-6151.238
-6146.063
-6142.773
-6144.745
-6148.632
-6152.691
-6142.791
-6147.528
-6142.482
-6149.669
-6147.919
-6152.232
-6151.674
-6153.564
-6147.317
-6141.748
-6154.88
-6150.575
-6150.997
-6144.821
-6148.278
-6154.4
-6140.101
-6151.623
-6146.073
-6146.445
-6147.685
-6145.292
-6152.226
-6156.676
-6160.863
-6171.051
-6144.91
-6146.253
-6165.473
-6147.546
-6154.9
-6147.302
-6147.05
-6141.002
-6142.651
-6171.125
-6150.149
-6163.445
-6155.598
-6158.939
-6152.544
-6138.014
-6155.789
-6145.386
-6141.784
-6140.827
-6149.424
-6139.348
-6148.699
-6142.493
-6144.032
-6141.655
-6142.204
-6145.667
-6156.495
-6143.757
-6142.599
-6140.967
-6141.414
-6138.608
-6146.664
-6140.11
-6151.425
-6142.824
-6153.336
-6138.357
-6143.017
-6149.388
-6139.152
-6151.481
-6147.306
-6153.496
-6147.017
-6147.635
-6152.44
-6140.758
-6148.16
-6149.41
-6140.588
-6142.418
-6183.38
-6153.206
-6145.461
-6143.569
-6147.698
-6150.374
-6142.31
-6154.912
-6143.913
-6169.391
-6137.679
-6160.178
-6154.168
-6136.984
-6147.299
-6140.922
-6140.309
-6140.443
-6142.011
-6144.36
-6140.836
-6144.056
-6138.088
-6177.377
-6140.394
-6145.638
-6150.764
-6143.424
-6161.688
-6144.682
-6144.471
-6169.227
-6147.454
-6156.963
-6150.491
-6144.272
-6164.645
-6152.613
-6158.31
-6141.675
-6141.467
-6152.5
-6153.718
-6138.427
-6137.7
-6139.393
-6145.18
-6150.48
-6166.475
-6153.059
-6146.672
-6142.496
-6134.847
-6141.361
-6137.486
-6159.187
-6149.367
-6148.44
-6143.211
-6147.513
-6183.264
-6142.796
-6138.791
-6148.082
-6145.032
-6139.681
-6138.689
-6164.026
-6141.361
-6162.767
-6138.464
-6138.142
-6136.682
-6148.308
-6140.246
-6142.757
-6154.233
-6136.34
-6139.092
-6144.469
-6140.491
-6144.959
-6153.562
-6144.737
-6148.354
-6141.848
-6142.413
-6137.046
-6134.494
-6144.526
-6144.021
-6148.51
-6140.479
-6143.962
-6141.528
-6145.279
-6141.401
-6139.17
-6145.85
-6138.277
-6139.882
-6168.791
-6149.105
-6140.743
-6152.045
-6153.167
-6155.636
-6147.361
-6136.367
-6138.917
-6167.046
-6144.917
-6138.1
-6145.683
-6145.255
-6141.632
-6140.049
-6146.909
-6135.447
-6135.193
-6138.954
-6143.906
-6137.113
-6148.559
-6143.687
-6153.617
-6142.018
-6139.33
-6136.457
-6139.903
-6143.373
-6143.217
-6141.152
-6150.666
-6136.722
-6146.007
-6139.658
-6148.001
-6142.495
-6139.928
-6137.006
-6145.402
-6140.086
-6139.944
-6141.676
-6137.934
-6142.724
-6152.334
-6141.901
-6136.423
-6147.076
-6164.607
-6159.468
-6149.173
-6140.629
-6149.553
-6136.258
-6144.079
-6135.89
-6139.421
-6144.633
-6180.732
-6155.142
-6142.728
-6147.955
-6140.401
-6141.8
-6144.436
-6152.921
-6139.724
-6144.528
-6151.358
-6142.648
-6164.209
-6142.852
-6144.058
-6141.967
-6144.983
-6138.578
-6151.439
-6149.987
-6135.196
-6141.722
-6136.619
-6139.168
-6143.116
-6151.64
-6136.47
-6137.33
-6138.159
-6135.483
-6146.425
-6142.459
-6141.102
-6147.427
-6149.237
-6140.314
-6137.747
-6149.74
-6140.965
-6138.131
-6145.773
-6147.409
-6135.819
-6139.275
-6144.043
-6139.796
-6143.739
-6165.327
-6148.209
-6150.219
-6147.364
-6138.955
-6140.853
-6138.767
-6142.285
-6145.942
-6136.497
-6158.741
-6145.818
-6150.539
-6142.222
-6144.751
-6141.474
-6151.711
-6140.333
-6141.077
-6136.563
-6144.038
-6138.787
-6147.79
-6141.312
-6144.48
-6138.538
-6154.304
-6138.301
-6137.848
-6143.942
-6155.084
-6147.285
-6146.494
-6148.456
-6178.167
-6151.673
-6149.687
-6165.891
-6145.463
-6140.707
-6138.977
-6142.341
-6145.089
-6174.263
-6144.263
-6146.04
-6136.604
-6167.139
-6149.872
-6146.64
-6147.738
-6144.977
-6139.559
-6146.952
-6138.717
-6143.35
-6154.491
-6141.544
-6144.641
-6147.677
-6148.475
-6159.262
-6160.767
-6142.644
-6141.666
-6136.091
-6145.931
-6134.933
-6204.136
-6140.053
-6137.794
-6141.46
-6155.684
-6137.231
-6142.626
-6145.89
-6135.136
-6139.274
-6148.556
-6142.635
-6136.483
-6141.764
-6148.588
-6141.214
-6148.061
-6136.698
-6150.56
-6137.202
-6138.549
-6137.698
-6146.895
-6138.082
-6135.561
-6147.542
-6143.474
-6143.567
-6139.269
-6142.126
-6139.566
-6141.647
-6135.509
-6145.404
-6148.653
-6139.561
-6146.897
-6152.175
-6146.133
-6135.464
-6143.744
-6141.32
-6149.19
-6152.277
-6153.732
-6135.701
-6149.313
-6145.983
-6140.052
-6141.915
-6168.693
-6148.053
-6137.317
-6146.134
-6136.511
-6152.608
-6138.242
-6134.103
-6150.498
-6137.267
-6141.564
-6144.744
-6143.032
-6139.535
-6138.91
-6157.023
-6163.778
-6135.688
-6159.585
-6142.256
-6141.176
-6138.884
-6138.595
-6140.826
-6134.827
-6139.157
-6134.72
-6147.192
-6136.713
-6156.034
-6143.609
-6140.301
-6139.648
-6143.666
-6154.377
-6140.54
-6148.821
-6142.387
-6170.587
-6136.266
-6138.27
-6145.581
-6133.97
-6148.355
-6137.023
-6150.948
-6147.081
-6137.685
-6152.674
-6143.138
-6151.428
-6136.464
-6143.573
-6145.823
-6145.719
-6135.947
-6139.717
-6148.155
-6139.416
-6158.985
-6146.192
-6139.913
-6137.679
-6150.287
-6135.401
-6138.353
-6142.509
-6134.939
-6144.328
-6135.77
-6152.004
-6142.002
-6138.96
-6142.011
-6136.846
-6145.583
-6139.712
-6142.697
-6142.995
-6137.158
-6153.171
-6142.192
-6143.425
-6155.983
-6143.55
-6137.178
-6142.794
-6146.15
-6157.932
-6143.789
-6154.343
-6138.753
-6139.337
-6138.026
-6153.38
-6139.806
-6145.291
-6149.27
-6168.867
-6145.092
-6159.303
-6134.835
-6159.661
-6142.604
-6138.602
-6149.832
-6140.394
-6159.022
-6153.378
-6161.509
-6149.038
-6160.728
-6148.211
-6137.456
-6150.417
-6137.336
-6147.248
-6152.63
-6135.456
-6162.14
-6135.942
-6139.083
-6144.855
-6153.166
-6146.754
-6136.61
-6139.757
-6140.007
-6156.595
-6136.297
-6139.264
-6146.825
-6141.253
-6148.339
-6135.9
-6145.044
-6134.253
-6157.37
-6141.694
-6142.404
-6136.919
-6141.916
-6135.408
-6140.857
-6158.66
-6138.473
-6136.947
-6143.637
-6143.086
-6146.655
-6151.284
-6137.278
-6141.81
-6139.012
-6166.124
-6140.595
-6157.382
-6141.485
-6140.618
-6145.563
-6133.677
-6149.878
-6140.317
-6140.95
-6137.281
-6139.313
-6148.936
-6145.451
-6145.235
-6145.632
-6136.016
-6137.467
-6142.066
-6139.594
-6142.148
-6139.591
-6137.244
-6145.908
-6152.186
-6142.858
-6165.619
-6164.612
-6135.816
-6138.77
-6155.953
-6147.044
-6144.474
-6138.473
-6156.041
-6143.804
-6149.487
-6138.893
-6149.5
-6141.984
-6145.52
-6144.937
-6148.718
-6149.191
-6157.748
-6146.425
-6139.59
-6149.74
-6149.333
-6149.416
-6154.618
-6165.914
-6154.327
-6140.136
-6145.677
-6149.506
-6144.106
-6138.455
-6149.271
-6137.376
-6140.828
-6138.853
-6142.081
-6136.139
-6160.592
-6160.096
-6142.41
-6142.224
-6138.779
-6149.517
-6143.514
-6136.993
-6169.854
-6146.165
-6138.711
-6141.439
-6139.861
-6139.478
-6155.287
-6141.707
-6142.895
-6171.877
-6156.778
-6146.62
-6138.839
-6142.924
-6148.878
-6161.126
-6161.345
-6143.513
-6147.105
-6138.37
-6149.509
-6141.118
-6137.761
-6152.106
-6155.107
-6150.109
-6157.695
-6140.976
-6140.337
-6143.768
-6137.161
-6152
-6156.758
-6147.465
-6136.734
-6151.862
-6149.513
-6156.012
-6137.139
-6144.11
-6145.057
-6148.428
-6140.863
-6152.384
-6136.599
-6134.221
-6136.31
-6135.687
-6140.948
-6135.429
-6142.549
-6135.166
-6134.299
-6155.559
-6137.907
-6145.442
-6145.787
-6142.423
-6137.14
-6143.116
-6144.588
-6138.092
-6174.23
-6151.711
-6158.415
-6142.02
-6136.272
-6151.849
-6145.112
-6135.399
-6157.814
-6149.394
-6180.786
-6143.824
-6153.763
-6151.394
-6137.855
-6141.378
-6143.141
-6135.841
-6159.927
-6140.549
-6137.02
-6137.127
-6139.174
-6135.626
-6138.891
-6160.681
-6151.044
-6147.539
-6145.795
-6142.655
-6138.938
-6135.21
-6140.273
-6141.817
-6169.032
-6136.447
-6144.849
-6132.763
-6143.853
-6146.752
-6145.165
-6147.089
-6140.423
-6137.707
-6147.103
-6142.627
-6146.435
-6135.303
-6153.185
-6139.313
-6135.548
-6140.489
-6140.007
-6136.138
-6139.12
-6145.435
-6148.245
-6145.804
-6152.496
-6134.725
-6143.006
-6138.646
-6137.089
-6138.191
-6139.386
-6146.423
-6143.022
-6151.615
-6155.806
-6135.114
-6139.348
-6139.496
-6145.631
-6160.515
-6133.06
-6140.338
-6146.858
-6133.291
-6144.234
-6135.363
-6142.606
-6141.739
-6144.544
-6156.688
-6141.901
-6147.917
-6149.351
-6137.791
-6145.408
-6139.522
-6142.941
-6141.41
-6144.807
-6145.917
-6133.262
-6153.479
-6146.693
-6140.23
-6138.394
-6148.43
-6136.202
-6139.019
-6137.182
-6150.312
-6146.082
-6159.071
-6141.433
-6139.92
-6139.4
-6135.944
-6141.796
-6136.287
-6146.633
-6139.602
-6143.174
-6141.467
-6137.362
-6137.106
-6143.892
-6142.596
-6138.454
-6142.904
-6138.324
-6139.267
-6143.763
-6134.568
-6151.876
-6149.737
-6147.613
-6137.808
-6138.603
-6139.223
-6139.711
-6147.145
-6144.055
-6142.909
-6143.626
-6146.369
-6139.491
-6147.911
-6142.452
-6140.724
-6134.113
-6141.651
-6135.244
-6148.633
-6142.216
-6133.101
-6150.368
-6145.582
-6133.155
-6165.889
-6155.986
-6137.953
-6138.286
-6140.052
-6151.892
-6140.314
-6170.172
-6143.042
-6140.48
-6147.207
-6149.905
-6144.474
-6143.203
-6134.271
-6139.22
-6142.768
-6134.566
-6141.767
-6148.77
-6138.607
-6143.749
-6134.796
-6138.294
-6149.657
-6140.745
-6141.135
-6157.36
-6144.968
-6147.384
-6146.86
-6137.809
-6136.722
-6135.729
-6149.72
-6154.277
-6160.22
-6150.143
-6142.197
-6148.197
-6134.443
-6138.533
-6185.187
-6138.032
-6133.746
-6139.346
-6140.154
-6133.256
-6139.333
-6137.85
-6138.204
-6135.026
-6170.161
-6153.395
-6143.412
-6138.373
-6140.23
-6142.41
-6150.919
-6136.369
-6144.719
-6146.564
-6138.758
-6136.583
-6138.591
-6143.437
-6133.308
-6149.08
-6137.185
-6153.204
-6148.219
-6151.543
-6148.316
-6139.101
-6139.087
-6143.965
-6140.9
-6136.546
-6138.555
-6139.523
-6143.448
-6143.898
-6133.633
-6137.97
-6141.054
-6141.141
-6135.02
-6143.216
-6139.762
-6141.749
-6136.333
-6140.232
-6135.805
-6155.511
-6161.825
-6144.647
-6139.084
-6138.471
-6142.807
-6137.3
-6144.499
-6149.836
-6136.228
-6137.623
-6151.566
-6152.889
-6156.29
-6137.212
-6144.169
-6148.764
-6144.148
-6144.211
-6139.072
-6146.172
-6142.719
-6141.434
-6144.427
-6142.685
-6141.614
-6141.4
-6144.89
-6142.36
-6135.002
-6147.442
-6158.879
-6157.149
-6139.292
-6148.735
-6140.999
-6144.894
-6140.669
-6157.379
-6140.288
-6136.788
-6140.867
-6135.406
-6134.15
-6134.056
-6131.773
-6138.374
-6135.473
-6135.903
-6135.037
-6142.195
-6132.861
-6138.527
-6140.216
-6138.408
-6137.202
-6133.782
-6138.68
-6144.356
-6136.663
-6135.444
-6137.444
-6150.781
-6154.57
-6150.873
-6140.151
-6143.491
-6144.09
-6150.527
-6140.694
-6164.507
-6137.106
-6141.022
-6141.422
-6136.1
-6151.793
-6157.236
-6149.254
-6142.412
-6163.294
-6137.439
-6136.294
-6152.947
-6145.078
-6163.594
-6154.22
-6153.857
-6136.748
-6154.127
-6143.338
-6148.507
-6159.243
-6149.096
-6145.712
-6143.977
-6141.098
-6144.331
-6135.592
-6154.064
-6136.451
-6152.035
-6143.568
-6138.731
-6154.408
-6142.746
-6141.706
-6154.59
-6134.205
-6145.686
-6139.378
-6137.676
-6137.79
-6139.916
-6150.5
-6146.465
-6139.676
-6139.395
-6138.227
-6135.362
-6135.924
-6140.086
-6147.739
-6134.853
-6139.402
-6146.796
-6141.244
-6152.477
-6141.133
-6158.557
-6145.681
-6150.159
-6136.912
-6131.409
-6140.657
-6157.84
-6132.396
-6133.277
-6159.537
-6135.365
-6139.744
-6145.479
-6147.205
-6136.395
-6142.301
-6136.457
-6161.176
-6133.542
-6136.091
-6142.481
-6142.804
-6143.739
-6147.373
-6142.867
-6143.069
-6141.845
-6139.137
-6159.26
-6135.702
-6142.729
-6138.294
-6136.984
-6138.593
-6156.031
-6144.859
-6134.961
-6143.197
-6161.496
-6140.914
-6132.495
-6138.46
-6135.429
-6139.166
-6141.278
-6134.634
-6133.497
-6145.584
-6132.275
-6142.869
-6133.264
-6143.171
-6146.008
-6150.869
-6131.674
-6154.08
-6132.997
-6139.747
-6141.181
-6140.645
-6144.431
-6144.288
-6135.704
-6133.887
-6143.496
-6136.081
-6138.721
-6142.783
-6137.136
-6140.827
-6138.439
-6142.326
-6138.493
-6136.183
-6141.434
-6140.371
-6148.094
-6134.905
-6144.863
-6134.453
-6132.401
-6133.657
-6136.813
-6133.479
-6138.938
-6137.162
-6148.651
-6133.191
-6135.34
-6144.392
-6143.401
-6140.04
-6134.407
-6140.825
-6146.277
-6153.76
-6140.19
-6136.774
-6137.507
-6147.608
-6136.348
-6142.949
-6131.453
-6134.523
-6135.572
-6140.47
-6132.531
-6137.108
-6138.546
-6149.507
-6143.012
-6153.728
-6134.333
-6155.004
-6138.696
-6135.104
-6148.745
-6142.306
-6136.83
-6140.034
-6140.15
-6134.201
-6167.352
-6148.486
-6141.013
-6137.54
-6139.468
-6134.681
-6136.338
-6137.769
-6137.458
-6136.117
-6133.958
-6139.322
-6139.596
-6138.068
-6138.139
-6147.59
-6149.428
-6140.113
-6152.051
-6138.603
-6145.542
-6140.36
-6145.109
-6138.707
-6138.785
-6135.238
-6140.881
-6138.152
-6135.925
-6137.32
-6136.45
-6141.787
-6138.465
-6141.907
-6141.367
-6141.446
-6141.457
-6137.633
-6155.534
-6138.958
-6143.147
-6152.222
-6149.618
-6141.224
-6135.846
-6137.996
-6139.516
-6143.207
-6144.389
-6142.411
-6148.017
-6149.703
-6147.909
-6153.104
-6147.807
-6134.335
-6148.607
-6164.418
-6139.169
-6152.623
-6146.017
-6141.257
-6135.034
-6142.263
-6132.366
-6140.219
-6139.727
-6132.659
-6138.033
-6139.989
-6141.724
-6141.841
-6150.459
-6135.673
-6135.661
-6154.451
-6137.799
-6134.871
-6135.606
-6132.329
-6173.222
-6140.853
-6143.728
-6137.216
-6137.763
-6150.718
-6131.674
-6147.069
-6141.024
-6141.261
-6147.958
-6136.367
-6140.777
-6139.249
-6140.097
-6141.282
-6144.186
-6133.347
-6133.741
-6142.411
-6138.882
-6144.595
-6138.511
-6137.963
-6142.813
-6149.523
-6142.975
-6142.052
-6139.031
-6154.19
-6143.505
-6133.422
-6139.062
-6139.659
-6145.123
-6142.947
-6160.507
-6157.183
-6136.729
-6138.094
-6134.123
-6149.449
-6147.377
-6149.763
-6135.079
-6142.795
-6156.324
-6147.59
-6140.235
-6158.048
-6136.167
-6144.139
-6132.148
-6150.271
-6135.953
-6152.896
-6137.221
-6134.948
-6145.486
-6143.461
-6168.052
-6142.031
-6143.884
-6157.354
-6132.221
-6134.167
-6143.695
-6141.349
-6136.678
-6149.791
-6165.425
-6140.514
-6138.411
-6143.882
-6135.182
-6139.321
-6139.842
-6142.792
-6142.144
-6134.794
-6133.273
-6136.737
-6140.515
-6140.106
-6142.807
-6133.801
-6139.322
-6136.067
-6147.561
-6154.697
-6146.588
-6135.358
-6143.454
-6135.458
-6137.657
-6144.44
-6145.06
-6136.999
-6145.436
-6137.072
-6175.908
-6141.023
-6157.281
-6136.797
-6133.375
-6135.517
-6135.876
-6135.168
-6174.597
-6148.902
-6144.924
-6156.593
-6137.838
-6139.226
-6162.583
-6134.645
-6137.714
-6137.602
-6138.869
-6145.26
-6139.177
-6132.033
-6144.677
-6134.592
-6137.436
-6160.662
-6147.596
-6145.367
-6146.431
-6145.075
-6137.329
-6150.513
-6142.013
-6152.226
-6139.834
-6162.058
-6137.25
-6141.184
-6139.956
-6132.544
-6131.534
-6141.823
-6136.918
-6142.819
-6149.657
-6147.042
-6135.986
-6138.315
-6148.26
-6135.09
-6149.292
-6140.483
-6140.161
-6141.044
-6142.075
-6146.849
-6141.849
-6135.87
-6133.565
-6137.687
-6135.795
-6149.413
-6153.466
-6142.631
-6133.089
-6137.94
-6143.42
-6135.426
-6151.689
-6131.163
-6148.501
-6139.453
-6144.628
-6138.812
-6135.701
-6133.045
-6135.612
-6139.581
-6133.679
-6143.438
-6133.807
-6133.174
-6132.814
-6135.369
-6134.934
-6155.887
-6144.273
-6154.672
-6151.327
-6140.862
-6165.213
-6162.88
-6138.679
-6133.299
-6132.497
-6142.067
-6137.622
-6163.161
-6144.552
-6134.897
-6146.825
-6142.834
-6136.813
-6134.729
-6135.803
-6136.931
-6138.106
-6134.477
-6144.931
-6134.863
-6143.173
-6144.068
-6135.143
-6147.101
-6147.485
-6139.56
-6133.453
-6143.879
-6149.143
-6134.574
-6145.731
-6142.707
-6137.366
-6139.957
-6134.692
-6140.775
-6157.069
-6136.655
-6137.787
-6136.127
-6136.537
-6134.435
-6137.037
-6134.662
-6137.077
-6161.905
-6142.956
-6138.582
-6134.674
-6140.221
-6140.521
-6144.201
-6147.237
-6153.098
-6134.061
-6155.648
-6138.412
-6136.578
-6136.524
-6153.883
-6146.729
-6141.11
-6145.836
-6139.626
-6135.097
-6136.539
-6140.834
-6135.199
-6134.382
-6146.273
-6156.995
-6139.395
-6141.043
-6149.636
-6144.821
-6145.276
-6135.263
-6135.27
-6141.478
-6144.072
-6159.496
-6135.952
-6143.137
-6132.39
-6150.389
-6136.053
-6141.023
-6141.417
-6139.382
-6141.777
-6139.33
-6142.501
-6152.666
-6135.391
-6135.451
-6144.551
-6144.084
-6134.916
-6152.257
-6136.032
-6134.314
-6132.482
-6137.483
-6139.453
-6138.743
-6138.508
-6138.55
-6151.607
-6142.335
-6137.559
-6166.148
-6138.463
-6138.02
-6135.928
-6132.801
-6137.365
-6141.623
-6157.725
-6145.258
-6137.379
-6135.765
-6158.444
-6142.099
-6149.801
-6149.017
-6146.932
-6143.164
-6139.592
-6158.407
-6136.759
-6139.711
-6143.471
-6145.166
-6149.078
-6136.717
-6134.712
-6137.448
-6138.328
-6137.648
-6138.53
-6134.304
-6144.547
-6145.47
-6136.386
-6167.633
-6136.833
-6153.156
-6138.859
-6140.783
-6141.455
-6147.169
-6137.197
-6142.113
-6140.985
-6137.857
-6138.181
-6163.834
-6154.59
-6138.465
-6149.243
-6141.308
-6160.689
-6155.078
-6142.511
-6153.742
-6138.457
-6146.545
-6145.989
-6159.466
-6140.76
-6155.925
-6156.514
-6146.306
-6146.236
-6131.616
-6137.897
-6157.011
-6139.305
-6145.917
-6135.476
-6134.703
-6137.691
-6142.857
-6142.824
-6135.579
-6137.593
-6139.052
-6153.172
-6137.583
-6144.644
-6132.453
-6138.046
-6132.963
-6165.96
-6141.212
-6133.141
-6135.559
-6138.789
-6150.656
-6134.139
-6143.256
-6141.945
-6135.797
-6133.943
-6150.235
-6147.962
-6136.167
-6141.974
-6148.645
-6139.676
-6150.251
-6142.006
-6134.932
-6134.314
-6140.019
-6139.607
-6153.254
-6140.472
-6140.737
-6141.533
-6139.324
-6143.702
-6138.265
-6153.666
-6136.678
-6146.632
-6135.776
-6147.487
-6137.69
-6146.986
-6146.146
-6158.203
-6150.875
-6140.162
-6137.104
-6146.374
-6145.498
-6150.539
-6142.448
-6137.922
-6136.224
-6159.034
-6143.002
-6139.179
-6148.849
-6154.085
-6138.359
-6140.529
-6135.883
-6144.759
-6135.499
-6139.46
-6136.806
-6138.663
-6139.177
-6143.71
-6158.21
-6140.716
-6149.097
-6137.895
-6137.531
-6134.097
-6137.626
-6149.201
-6136.95
-6133.52
-6135.513
-6147.853
-6138.034
-6143.79
-6136.287
-6142.416
-6141.436
-6141.619
-6152.971
-6138.477
-6135.139
-6135.935
-6141.636
-6137.213
-6143.143
-6132.164
-6145.561
-6137.256
-6141.938
-6159.003
-6137.253
-6149.117
-6138.174
-6154.788
-6133.371
-6137.737
-6143.217
-6143.992
-6138.706
-6135.254
-6131.84
-6146.938
-6141.124
-6137.784
-6144.542
-6137.908
-6142.641
-6139.404
-6138.476
-6136.576
-6136.11
-6140.129
-6141.54
-6140.961
-6140.273
-6137.021
-6145.632
-6134.192
-6140.515
-6135.22
-6140.264
-6144.392
-6147.726
-6135.285
-6156.482
-6133.534
-6155.424
-6146.705
-6140.403
-6134.971
-6138.332
-6137.096
-6136.52
-6133.567
-6140.14
-6145.843
-6140.896
-6143.53
-6136.497
-6149.71
-6144.254
-6137.329
-6145.708
-6137.874
-6138.379
-6143.48
-6141.12
-6134.45
-6134.839
-6145.48
-6147.104
-6138.534
-6138.525
-6133.266
-6154.31
-6136.348
-6138.085
-6138.733
-6133.512
-6155.32
-6135.229
-6138.165
-6142.946
-6137.659
-6158.762
-6145.26
-6150.954
-6143.841
-6146.894
-6144.149
-6144.494
-6155.291
-6139.344
-6150.043
-6141.924
-6137.407
-6132.089
-6143.708
-6136.309
-6147.943
-6143.431
-6139.683
-6138.042
-6136.271
-6142.849
-6176.786
-6141.725
-6136.51
-6143.602
-6136.525
-6136.717
-6156.24
-6138.691
-6141.819
-6133.935
-6147.644
-6148.888
-6148.609
-6138.346
-6148.911
-6137.243
-6140.981
-6172.062
-6143.868
-6151.492
-6137.857
-6136.931
-6156.805
-6148.329
-6143.994
-6153.41
-6158.363
-6142.631
-6143.452
-6134.377
-6146.996
-6140.893
-6138.935
-6141.638
-6156.897
-6138.368
-6143.378
-6147.684
-6167.207
-6151.547
-6137.433
-6137.706
-6139.605
-6143.565
-6133.522
-6139.166
-6150.616
-6140.255
-6145.42
-6148.316
-6138.53
-6142.516
-6134.527
-6162.399
-6147.37
-6137.537
-6139.542
-6160.552
-6138.68
-6166.607
-6140.192
-6138.486
-6151.471
-6137.108
-6143.201
-6137.623
-6137.311
-6152.206
-6149.902
-6170.858
-6143.296
-6145.009
-6139.519
-6139.585
-6151.298
-6149.241
-6152.922
-6143.816
-6143.899
-6151.926
-6136.971
-6137.599
-6150.512
-6148.772
-6146.236
-6146.208
-6141.46
-6151.243
-6162.759
-6137.631
-6146.153
-6138.21
-6138.254
-6140.42
-6148.125
-6138.388
-6144.393
-6139.161
-6157.668
-6152.736
-6151.384
-6154.153
-6139.292
-6149.76
-6160.393
-6162.113
-6170.969
-6135.487
-6146.382
-6140.825
-6154.049
-6134.157
-6145.592
-6147.435
-6144.612
-6156.986
-6142.08
-6134.922
-6144.248
-6136.115
-6142.57
-6138.037
-6139.747
-6142.722
-6137.061
-6136.134
-6147.271
-6133.815
-6133.217
-6144.818
-6139.138
-6142.414
-6139.117
-6146.351
-6147.142
-6145.632
-6144.341
-6139.553
-6137.441
-6131.867
-6143.653
-6145.36
-6153.207
-6176.077
-6146.055
-6143.444
-6143.249
-6139.773
-6146.604
-6139.84
-6145.685
-6153.745
-6141.044
-6151.347
-6141.632
-6148.441
-6141.007
-6138.392
-6133.643
-6137.022
-6139.855
-6133.519
-6136.686
-6132.891
-6151.078
-6144.476
-6143.36
-6148.386
-6134.936
-6136.725
-6136.933
-6137.222
-6141.309
-6134.017
-6157.597
-6135.994
-6141.038
-6148.029
-6138.438
-6135.701
-6144.459
-6134.768
-6146.821
-6154.342
-6154.157
-6142.734
-6141.882
-6137.871
-6154.076
-6148.246
-6143.775
-6152.648
-6142.606
-6137.576
-6141.501
-6133.866
-6135.377
-6147.964
-6144.017
-6138.034
-6140.882
-6132.973
-6134.418
-6141.858
-6136.472
-6143.556
-6161.039
-6145.81
-6152.774
-6133.404
-6139.83
-6146.169
-6130.31
-6137.726
-6133.837
-6134.463
-6136.625
-6147.277
-6137.962
-6139.69
-6147.707
-6143.618
-6134.921
-6135.906
-6133.943
-6136.076
-6139.075
-6135.42
-6138.482
-6134.999
-6134.368
-6141.393
-6135.077
-6133.606
-6142.663
-6147.171
-6164.303
-6138.052
-6144.866
-6141.172
-6156.598
-6141.673
-6132.773
-6133.736
-6139.572
-6138.605
-6162.162
-6141.913
-6135.149
-6140.439
-6133.118
-6135.799
-6147.761
-6144.317
-6148.659
-6143.141
-6135.989
-6135.583
-6138.598
-6132.789
-6143.956
-6135.349
-6135.999
-6136.729
-6136.281
-6135.875
-6145.493
-6162.44
-6146.256
-6147.443
-6136.199
-6153.637
-6135.085
-6146.53
-6139.386
-6135.697
-6138.873
-6154.221
-6135.524
-6142.19
-6135.5
-6140.208
-6141.369
-6143.61
-6146.753
-6136.667
-6137.523
-6155.093
-6145.336
-6136.381
-6135.695
-6153.5
-6163.435
-6156.272
-6143.594
-6147.662
-6164.645
-6141.599
-6139.377
-6139.148
-6139.684
-6142.039
-6142.634
-6136.442
-6147.103
-6140.633
-6154.791
-6147.643
-6150.247
-6139.681
-6136.045
-6145.985
-6136.145
-6164.021
-6149.836
-6174.012
-6139.658
-6141.946
-6135.017
-6149.231
-6146.215
-6132.067
-6153.968
-6134.255
-6143.314
-6140.211
-6141.925
-6141.57
-6160.498
-6137.726
-6139.553
-6135.012
-6141.226
-6161.175
-6137.308
-6141.877
-6149.778
-6153.487
-6148.401
-6139.96
-6146.854
-6160.485
-6160.412
-6145.215
-6142.077
-6139.22
-6160.936
-6148.348
-6141.462
-6135.99
-6135.323
-6138.561
-6150.039
-6132.196
-6134.894
-6138.991
-6132.381
-6152.81
-6140.327
-6147.287
-6138.089
-6143.539
-6137.157
-6140.082
-6144.734
-6143.456
-6140.468
-6156.492
-6146.412
-6137.668
-6133.325
-6139.347
-6154.013
-6143.946
-6137.928
-6138.899
-6145.939
-6150.262
-6148.692
-6135.462
-6153.529
-6136.748
-6132.277
-6140.756
-6139.786
-6143.316
-6144.419
-6132.393
-6144.276
-6140.86
-6153.878
-6134.765
-6146.448
-6140.596
-6136.484
-6132.684
-6138.644
-6135.694
-6140.12
-6141.399
-6134.209
-6136.901
-6147.845
-6136.064
-6137.49
-6133.331
-6145.176
-6143.957
-6136.726
-6140.224
-6141.015
-6136.526
-6141.949
-6137.831
-6141.427
-6154.423
-6142.767
-6193.72
-6132.629
-6142.252
-6141.069
-6138.787
-6140.194
-6132.328
-6133.705
-6141.369
-6143.517
-6147.55
-6136.628
-6138.923
-6133.344
-6146.389
-6142.449
-6140.468
-6164.178
-6136.203
-6144.281
-6143.608
-6133.363
-6143.986
-6141.222
-6139.033
-6148.406
-6142.5
-6136.929
-6161.944
-6140.486
-6164.239
-6136.956
-6139.62
-6137.932
-6151.197
-6151.47
-6138.635
-6136.416
-6138.281
-6134.841
-6137.468
-6131.577
-6141.922
-6142.95
-6137.44
-6140.287
-6133.488
-6134.782
-6140.449
-6146.433
-6139.613
-6137.424
-6132.455
-6133.519
-6138.819
-6146.133
-6135.756
-6136.258
-6140.643
-6135.434
-6138.52
-6139.558
-6147.814
-6136.813
-6165.403
-6131.216
-6150.645
-6141.21
-6132.714
-6147.895
-6147.823
-6139.592
-6204.386
-6134.633
-6137.886
-6139.178
-6137.612
-6144.526
-6147.202
-6134.557
-6152.321
-6136.414
-6147.193
-6145.711
-6131.124
-6133.171
-6139.364
-6143.773
-6141.155
-6138.867
-6139.465
-6159.781
-6141.358
-6140.799
-6136.25
-6141.296
-6138.849
-6141.072
-6139.977
-6131.933
-6145.975
-6147.037
-6139.394
-6137.475
-6146.637
-6141.791
-6136.735
-6135.154
-6137.825
-6143.993
-6140.81
-6152.072
-6140.761
-6138.105
-6136.117
-6136.616
-6135.204
-6142.477
-6141.379
-6136.913
-6142.249
-6136.244
-6163.679
-6147.929
-6137.149
-6140.137
-6138.32
-6138.164
-6130.135
-6133.784
-6165.825
-6136.716
-6142.301
-6153.023
-6136.304
-6139.995
-6150.07
-6134.254
-6151.33
-6138.653
-6135.61
-6137.073
-6136.573
-6132.744
-6132.83
-6140.876
-6134.833
-6133.773
-6134.06
-6136.253
-6145.342
-6141.902
-6147.442
-6132.773
-6133.815
-6142.021
-6143.719
-6140.629
-6131.515
-6140.782
-6136.048
-6133.606
-6134.988
-6133.9
-6147.936
-6133.403
-6145.776
-6148.378
-6141.678
-6139.293
-6134.444
-6190.248
-6160.332
-6159.85
-6137.554
-6137.308
-6146.261
-6134.252
-6133.123
-6132.514
-6139.556
-6143.203
-6137.077
-6136.789
-6133.229
-6132.645
-6156.79
-6135.051
-6145.644
-6135.125
-6139.669
-6154.687
-6147.331
-6137.463
-6134.19
-6139.003
-6139.35
-6134.841
-6135.349
-6154.64
-6144.64
-6135.123
-6141.352
-6147.727
-6136.896
-6138.887
-6151.785
-6136.363
-6132.434
-6148.199
-6144.635
-6135.839
-6138.776
-6136.739
-6139.8
-6140.004
-6136.437
-6138.712
-6136.816
-6134.815
-6150.852
-6155.889
-6137.787
-6133.844
-6137.041
-6134.443
-6139.285
-6137.29
-6167.997
-6139.489
-6138.147
-6135.743
-6135.237
-6141.118
-6133.946
-6150.824
-6146.719
-6150.001
-6135.469
-6138.068
-6141.122
-6143.454
-6136.511
-6137.067
-6133.688
-6134.078
-6135.523
-6132.482
-6138.272
-6142.942
-6142.479
-6135.814
-6140.589
-6139.537
-6147.95
-6134.857
-6134.955
-6133.825
-6142.734
-6145.727
-6138.698
-6140.289
-6140.501
-6142.276
-6144.07
-6137.865
-6138.42
-6145.971
-6162.898
-6143.508
-6145.842
-6136.115
-6136.767
-6138.023
-6140.664
-6132.695
-6140.881
-6147.189
-6135.76
-6159.651
-6143.701
-6133.668
-6135.459
-6146.201
-6140.224
-6134.336
-6147.58
-6154.524
-6149.573
-6140.59
-6144.298
-6140.317
-6139.088
-6136.827
-6137.406
-6138.348
-6135.067
-6140.069
-6140.75
-6141.188
-6148.354
-6144.606
-6154.186
-6138.002
-6141.25
-6150.204
-6134.381
-6139.811
-6138.137
-6166.731
-6149.498
-6158.12
-6140.475
-6140.093
-6136.866
-6141.699
-6144.229
-6146.853
-6149.989
-6149.614
-6155.112
-6142.878
-6155.452
-6140.102
-6149.001
-6143.878
-6137.422
-6139.213
-6151.315
-6168.03
-6143.939
-6142.349
-6150.153
-6151.632
-6139.693
-6140.501
-6150.659
-6143.443
-6138.479
-6149.314
-6160.863
-6146.101
-6141.741
-6149.034
-6149.225
-6152.63
-6167.405
-6141.67
-6155.762
-6148.966
-6148.854
-6142.926
-6146.388
-6147.654
-6140.246
-6147.809
-6146.968
-6140.976
-6150.679
-6171.238
-6155.104
-6157.716
-6147.732
-6140.005
-6161.594
-6142.924
-6158.82
-6151.334
-6172.839
-6151.057
-6150.211
-6159.463
-6144.244
-6139.465
-6150.533
-6143.851
-6150.861
-6164.635
-6148.038
-6148.836
-6153.767
-6155.965
-6145.611
-6147.382
-6152.294
-6150.145
-6159.095
-6152.564
-6152.312
-6150.589
-6145.254
-6141.601
-6144.925
-6137.796
-6149.041
-6146.2
-6152.872
-6143.48
-6149.197
-6173.454
-6137.831
-6141.84
-6142.879
-6146.006
-6139.04
-6153.706
-6156.661
-6145.027
-6152.84
-6140.373
-6137.926
-6138.831
-6145.313
-6153.116
-6138.629
-6148.586
-6143.912
-6145.908
-6149.965
-6165.618
-6188
-6143.616
-6137.237
-6153.158
-6146.201
-6137.857
-6144.315
-6166.089
-6155.737
-6144.312
-6145.685
-6149.978
-6140.493
-6154.741
-6144.594
-6142.584
-6147.022
-6139.392
-6140.396
-6137.459
-6142.267
-6140.757
-6162.091
-6138.177
-6159.969
-6137.19
-6141.594
-6172.941
-6138.407
-6143.911
-6139.801
-6144.05
-6139.607
-6149.447
-6147.719
-6141.766
-6138.886
-6151.059
-6149.909
-6154.231
-6140.469
-6151.815
-6141.482
-6137.76
-6149.405
-6136.246
-6145.085
-6141.63
-6158.883
-6138.469
-6164.728
-6134.046
-6138.614
-6134.475
-6140.934
-6153.496
-6141.797
-6137.843
-6139.287
-6140.68
-6138.909
-6144.821
-6136.686
-6140.418
-6138.607
-6143.441
-6138.504
-6161.069
-6146.276
-6144.242
-6139.723
-6138.6
-6152.714
-6140.638
-6144.551
-6147.193
-6158.868
-6149.37
-6143.652
-6138.86
-6175.167
-6156.023
-6143.676
-6139.446
-6162.763
-6156.361
-6142.236
-6141.694
-6150.585
-6141.823
-6161.634
-6142.517
-6150.013
-6166.491
-6143.233
-6150.651
-6141.253
-6143.973
-6158.689
-6146.667
-6133.931
-6140.188
-6165.325
-6136.354
-6134.224
-6137.98
-6133.459
-6136.711
-6150.311
-6159.576
-6147.35
-6144.541
-6144.839
-6139.366
-6140.44
-6135.433
-6160.462
-6149.85
-6132.555
-6139.071
-6153.206
-6147.65
-6169.014
-6162.916
-6158.473
-6142.55
-6147.932
-6136.653
-6140.498
-6132.863
-6154.931
-6164.704
-6138.124
-6141.036
-6157.732
-6143.539
-6142.721
-6142.324
-6139.751
-6133.536
-6139.263
-6134.174
-6140.91
-6143.215
-6139.525
-6141.296
-6138.521
-6147.572
-6141.203
-6142.571
-6145.288
-6140.555
-6148.208
-6138.683
-6140.607
-6149.548
-6134.635
-6138.8
-6132.176
-6136.263
-6151.014
-6140.576
-6140.517
-6145.835
-6141.702
-6134.242
-6135.703
-6165.027
-6138.201
-6144.036
-6137.693
-6134.144
-6137.584
-6135.91
-6142.608
-6137.658
-6145.79
-6135.634
-6166.683
-6137.74
-6138.895
-6139.872
-6136.39
-6136.879
-6137.969
-6144.821
-6133.498
-6142.989
-6138.679
-6135.528
-6142.847
-6136.832
-6137.989
-6141.231
-6144.754
-6150.487
-6145.424
-6136.576
-6153.714
-6148.024
-6146.149
-6142.113
-6137.276
-6146.447
-6144.036
-6139.895
-6140.448
-6137.799
-6168.777
-6137.695
-6136.185
-6134.686
-6148.778
-6134.106
-6138.012
-6137.577
-6145.498
-6143.834
-6140.746
-6136.598
-6137.888
-6135.856
-6146.348
-6135.038
-6138.975
-6144.745
-6154.545
-6141.629
-6141.415
-6136.745
-6149.533
-6144.717
-6151.189
-6143.061
-6147.526
-6141.102
-6147.605
-6139.587
-6148.79
-6142.366
-6139.013
-6150.539
-6149.88
-6145.85
-6133.945
-6181.958
-6139.506
-6156.673
-6145.817
-6135.748
-6142.89
-6145.488
-6141.549
-6151.65
-6155.584
-6138.306
-6140.726
-6139.4
-6139.958
-6137.378
-6134.025
-6156.936
-6139.143
-6134.651
-6134.943
-6138.324
-6138.702
-6138.511
-6141.363
-6143.516
-6176.86
-6141.622
-6151.048
-6139.094
-6159.891
-6145.019
-6146.427
-6150.706
-6147.377
-6145.599
-6135.439
-6165.038
-6155.273
-6140.514
-6139.207
-6156.009
-6140.309
-6144.497
-6147.12
-6144.189
-6152.473
-6138.083
-6140.652
-6140.789
-6138.226
-6140.224
-6139.693
-6134.147
-6137.85
-6137.71
-6139.981
-6138.887
-6140.83
-6142.416
-6151.461
-6144.766
-6145.033
-6135.824
-6140.11
-6136.484
-6138.791
-6145.348
-6135.086
-6153.494
-6152.4
-6146.773
-6144.059
-6146.362
-6147.421
-6146.101
-6141.012
-6143.92
-6138.936
-6142.56
-6140.207
-6194.465
-6153.947
-6148.759
-6139.25
-6156.877
-6140.676
-6150.312
-6172.95
-6151.524
-6141.003
-6134.595
-6142.222
-6154.114
-6154.573
-6136.663
-6141.354
-6139.4
-6147.89
-6146.433
-6146.778
-6143.066
-6144.433
-6141.349
-6143.703
-6140.585
-6135.834
-6143.892
-6138.619
-6161.252
-6157.234
-6165.353
-6143.572
-6137.52
-6148.222
-6139.909
-6140.595
-6139.692
-6149.509
-6149.009
-6147.572
-6143.697
-6144.387
-6153.938
-6137.033
-6144.082
-6151.54
-6160.227
-6149.615
-6146.544
-6145.852
-6163.348
-6141.369
-6169.542
-6141.1
-6144.784
-6149.554
-6138.501
-6161.744
-6148.275
-6143.063
-6145.86
-6138.443
-6141.114
-6136.354
-6137.121
-6139.905
-6144.807
-6152.61
-6147.193
-6147.308
-6141.381
-6145.335
-6147.455
-6153.336
-6140.133
-6152.385
-6151.912
-6146.107
-6136.907
-6156.869
-6160.514
-6139.554
-6142.441
-6144.857
-6164.372
-6146.126
-6140.457
-6135.854
-6146.589
-6137.397
-6138.322
-6156.425
-6148.662
-6140.402
-6148.061
-6145.759
-6143.79
-6155.401
-6179.016
-6141.429
-6132.708
-6133.791
-6145.446
-6160.466
-6142.055
-6149.727
-6134.292
-6144.481
-6137.861
-6145.497
-6140.551
-6150.369
-6140.77
-6137.616
-6142.483
-6149.283
-6144.125
-6148.119
-6155.391
-6135.069
-6171.571
-6146.834
-6138.003
-6137.439
-6131.668
-6152.202
-6135.317
-6138.262
-6137.94
-6135.251
-6134.312
-6134.773
-6130.518
-6131.686
-6138.518
-6136.01
-6142.558
-6137.63
-6144.538
-6137.369
-6141.288
-6143.728
-6138.907
-6148.315
-6145.244
-6135.432
-6139.493
-6140.419
-6144.951
-6142.29
-6134.421
-6136.358
-6142.973
-6132.21
-6136.392
-6134.394
-6168.6
-6133.133
-6139.91
-6141.889
-6137.309
-6138.073
-6136.287
-6133.562
-6136.527
-6135.15
-6133.631
-6145.759
-6156.651
-6148.306
-6133.53
-6142.113
-6138.184
-6131.186
-6146.705
-6132.211
-6131.26
-6140.617
-6135.044
-6139.389
-6140.612
-6136.853
-6143.31
-6133.891
-6143.009
-6135.546
-6133.164
-6138.496
-6145.147
-6137.529
-6134.874
-6162.447
-6145.248
-6133.707
-6138.129
-6149.561
-6142.431
-6134.496
-6136.382
-6136.437
-6147.8
-6146.525
-6137.559
-6135.687
-6137.792
-6136.857
-6149.492
-6157.096
-6133.119
-6133.009
-6138.469
-6134.164
-6142.764
-6150.87
-6133.645
-6133.458
-6133.399
-6139.846
-6141.403
-6142.152
-6135.802
-6135.246
-6133.503
-6141.128
-6147.042
-6135.062
-6142.767
-6139.246
-6162.68
-6152.675
-6140.745
-6139.993
-6132.762
-6138.908
-6136.276
-6148.327
-6143.262
-6132.865
-6158.802
-6132.705
-6140.692
-6136.673
-6136.411
-6135.671
-6143.388
-6135.379
-6135.344
-6135.03
-6134.132
-6149.194
-6153.028
-6138.196
-6137.93
-6137.495
-6141.229
-6133.248
-6131.803
-6142.898
-6133.498
-6154.029
-6140.288
-6139.883
-6145.651
-6134.981
-6138.448
-6141.72
-6135.029
-6138.774
-6143.352
-6138.807
-6137.966
-6168.295
-6144.405
-6141.921
-6156.213
-6139.184
-6150.596
-6134.775
-6136.554
-6134.537
-6142.973
-6140.368
-6138.706
-6137.233
-6138.48
-6134.858
-6139.309
-6163.988
-6135.957
-6146.247
-6148.389
-6140.661
-6138.15
-6134.459
-6161.739
-6145.864
-6178.546
-6134.95
-6144.467
-6146.223
