-7588.029
-7521.145
-7822.441
-7525.742
-7484.256
-7361.753
-7636.576
-7362.222
-7438.628
-7403.79
-7347.369
-7225.675
-7137.83
-7124.471
-6833.238
-6765.353
-6754.736
-6700.036
-6760.334
-6702.583
-6758.168
-6654.836
-6714.861
-6745.135
-6627.091
-6736.388
-6640.887
-6557.011
-6596.607
-6597.055
-6447.877
-6467.134
-6398.567
-6462.392
-6357.572
-6355.661
-6342.502
-6328.416
-6412.442
-6393.895
-6347.267
-6324.275
-6328.044
-6302.471
-6321.721
-6401.831
-6286.093
-6275.492
-6341.879
-6295.486
-6300.462
-6251.611
-6260.397
-6266.62
-6250.994
-6282.261
-6271.135
-6274.135
-6264.479
-6313.88
-6264.079
-6292.299
-6256.88
-6312.33
-6267.911
-6250.307
-6248.342
-6272.332
-6263.259
-6314.434
-6265.596
-6320.158
-6275.543
-6241.612
-6249.623
-6258.502
-6269.48
-6257.117
-6229.587
-6238.727
-6258.726
-6240.214
-6251.715
-6240.117
-6257.21
-6243.674
-6230.627
-6231.353
-6238.874
-6239.233
-6301.724
-6232.837
-6312.102
-6250.199
-6235.193
-6252.217
-6240.513
-6252.094
-6253.018
-6250.204
-6281.434
-6247.435
-6247.96
-6226.663
-6259.116
-6251.581
-6227.361
-6220.192
-6220.377
-6252.436
-6228.263
-6228.131
-6230.206
-6206.705
-6245.361
-6200.447
-6214.534
-6258.278
-6223.865
-6215.491
-6210.709
-6196.329
-6202.022
-6202.896
-6193.954
-6226.371
-6191.756
-6231.669
-6218.129
-6193.514
-6199.16
-6199.84
-6256.479
-6200.209
-6205.016
-6217.797
-6194.193
-6196.765
-6199.126
-6199.16
-6236.206
-6199.2
-6205.203
-6206.702
-6202.008
-6210.061
-6192.553
-6201.605
-6218.524
-6200.612
-6199.94
-6201.707
-6194.666
-6206.22
-6197
-6187.319
-6191.638
-6220.183
-6189.936
-6207.816
-6189.619
-6208.983
-6219.897
-6185.386
-6200.434
-6201.8
-6211.802
-6189.414
-6185.57
-6199.001
-6217.805
-6195.262
-6204.995
-6188.299
-6242.992
-6220.33
-6206.699
-6201.127
-6202.635
-6210.774
-6224.973
-6191.143
-6191.277
-6225.761
-6195.673
-6189.964
-6185.01
-6212.488
-6194.845
-6201.617
-6250.555
-6187
-6197.92
-6198.072
-6189.586
-6196.04
-6195.981
-6237.438
-6197.207
-6196.861
-6215.93
-6214.681
-6208.437
-6210.256
-6194.572
-6212.727
-6227.186
-6193.661
-6248.39
-6212.886
-6200.005
-6215.01
-6209.073
-6308.346
-6200.058
-6231.869
-6228.217
-6201.321
-6200.105
-6215.4
-6200.166
-6200.191
-6206.063
-6227.313
-6200.503
-6192.699
-6228.343
-6183.419
-6181.796
-6201.724
-6195.547
-6200.377
-6192.523
-6189.457
-6202.683
-6205.054
-6200.63
-6227.705
-6198.851
-6232.276
-6198.643
-6186.733
-6190.14
-6236.677
-6212.479
-6201.64
-6192.02
-6190.788
-6192.694
-6206.189
-6217.917
-6185.099
-6193.421
-6201.447
-6194.877
-6220.115
-6341.954
-6199.632
-6212.905
-6192.555
-6208.354
-6252.552
-6239.883
-6188.423
-6188.066
-6187.751
-6190.046
-6183.363
-6243.15
-6185.538
-6230.197
-6223.887
-6218.856
-6204.674
-6209.271
-6210.826
-6181.069
-6200.084
-6189.838
-6209.966
-6192.821
-6217.572
-6241.744
-6240.173
-6182.053
-6220.081
-6271.064
-6217.638
-6205.562
-6191.478
-6202.506
-6188.79
-6190.452
-6185.392
-6234.316
-6204.996
-6178.925
-6188.678
-6175.931
-6185.574
-6202.18
-6208.734
-6200.14
-6191.794
-6213.079
-6179.942
-6185.491
-6202.125
-6186.172
-6197.951
-6211.22
-6187.893
-6181.6
-6213.508
-6184.475
-6189.986
-6180.782
-6191.476
-6178.215
-6189.945
-6303.616
-6207.561
-6191.299
-6210.674
-6183.431
-6179.138
-6217.19
-6178.077
-6207.602
-6193.611
-6265.153
-6180.087
-6217.809
-6208.402
-6193.842
-6200.992
-6192.697
-6197.104
-6245.054
-6196.709
-6198.07
-6183.303
-6180.817
-6183.255
-6203.44
-6239.852
-6188.475
-6192.124
-6210.564
-6192.34
-6200.985
-6217.407
-6201.398
-6206.395
-6182.4
-6205.75
-6199.092
-6183.523
-6194.243
-6181.12
-6215.891
-6236.73
-6200.133
-6190.936
-6224.468
-6185.967
-6184.268
-6207.177
-6181.923
-6189.019
-6194.563
-6277.374
-6199.037
-6210.715
-6188.992
-6211.62
-6188.685
-6188.666
-6184.83
-6215.9
-6199.026
-6205.337
-6247.831
-6187.708
-6183.584
-6183.492
-6192.436
-6177.976
-6193.188
-6188.499
-6187.336
-6270.268
-6195.903
-6181.795
-6221.019
-6191.294
-6207.425
-6187.515
-6192.501
-6178.977
-6206.592
-6195.724
-6179.851
-6196.298
-6201.905
-6186.517
-6186.846
-6235.354
-6196.019
-6185.569
-6206.417
-6186.522
-6177.514
-6304.082
-6176.833
-6195.707
-6187.877
-6185.75
-6192.975
-6182.341
-6229.416
-6196.063
-6188.553
-6194.091
-6178.652
-6191.486
-6232.343
-6265.729
-6186.445
-6180.801
-6200.83
-6189.051
-6191.065
-6189.916
-6179.696
-6184.54
-6221.511
-6186.999
-6186.942
-6185.484
-6195.147
-6206.286
-6187.888
-6231.266
-6188.832
-6224.762
-6208.353
-6194.281
-6216.556
-6183.003
-6190.996
-6200.706
-6203.197
-6196.594
-6185.255
-6217.885
-6195.182
-6243.422
-6214.978
-6195.779
-6175.787
-6197.525
-6191.637
-6181.607
-6180.109
-6182.691
-6185.514
-6209.098
-6196.53
-6184.34
-6193.567
-6219.73
-6180.622
-6179.16
-6185.627
-6198.77
-6193.966
-6191.271
-6189.092
-6191.297
-6199.213
-6213.276
-6186.779
-6189.34
-6187.472
-6179.465
-6196.234
-6193.273
-6225.338
-6209.977
-6191.196
-6189.006
-6217.976
-6199.545
-6176.486
-6186.146
-6186.192
-6180.737
-6201.083
-6204.432
-6189.479
-6182.196
-6234.435
-6243.097
-6205.987
-6183.675
-6184.911
-6179.056
-6193.559
-6244.963
-6182.93
-6290.249
-6255.813
-6208.702
-6194.837
-6190.65
-6232.359
-6226.942
-6191.444
-6192.895
-6218.321
-6226.681
-6215.255
-6182.129
-6251.381
-6241.873
-6200.346
-6207.705
-6216.998
-6194.757
-6200.939
-6206.151
-6238.034
-6178.454
-6212.662
-6237.378
-6183.348
-6207.081
-6287.983
-6205.124
-6204.705
-6181.777
-6232.853
-6267.709
-6188.982
-6179.609
-6176.151
-6248.204
-6185.118
-6195.436
-6185.028
-6185.12
-6213.488
-6178.363
-6197.173
-6183.432
-6188.273
-6192.651
-6185.822
-6183.097
-6248.733
-6206.956
-6205.577
-6196.099
-6191.85
-6200.004
-6194.037
-6185.978
-6204.98
-6190.98
-6188.465
-6191.178
-6193.361
-6184.543
-6185.997
-6196.306
-6212.568
-6190.951
-6259.804
-6218.257
-6195.113
-6179.156
-6197.068
-6188.228
-6179.243
-6183.922
-6199.633
-6178.553
-6182.026
-6200.923
-6281.756
-6185.506
-6187.923
-6180.28
-6270.615
-6187.312
-6186.607
-6209.896
-6178.868
-6192.822
-6183.797
-6246.613
-6220.667
-6206.713
-6183.303
-6178.153
-6207.628
-6206.867
-6194.719
-6197.591
-6218.666
-6322.406
-6180.761
-6188.114
-6180.062
-6193.584
-6178.425
-6214.374
-6195.588
-6182.192
-6180.054
-6196.102
-6178.88
-6241.205
-6194.982
-6227.872
-6182.773
-6194.739
-6183.599
-6189.183
-6177.24
-6186.671
-6193.648
-6197.528
-6195.129
-6189.414
-6243.486
-6187.707
-6223.376
-6203.984
-6185.417
-6188.585
-6203.841
-6199.336
-6175.244
-6188.783
-6183.457
-6191.365
-6202.873
-6214.086
-6233.802
-6178.966
-6180.302
-6214.668
-6208.931
-6179.861
-6193.366
-6202.199
-6188.549
-6179.769
-6213.372
-6227.335
-6176.738
-6215.802
-6182.726
-6185.058
-6180.894
-6174.739
-6204.466
-6197.606
-6189.185
-6187.598
-6185.23
-6227.314
-6196.209
-6174.371
-6194.27
-6177.806
-6210.829
-6188.924
-6182.927
-6203.472
-6183.358
-6181.334
-6196.706
-6184.065
-6183.393
-6226.004
-6176.222
-6195.515
-6217.254
-6194.268
-6190.066
-6193.086
-6190.414
-6180.139
-6185.982
-6185.682
-6187.104
-6202.624
-6176.831
-6185.926
-6176.039
-6188.781
-6177.61
-6235.601
-6182.995
-6182.676
-6191.111
-6227.629
-6224.308
-6199.552
-6217.487
-6184.017
-6203.735
-6219.758
-6181.084
-6185.308
-6226.373
-6223.128
-6196.334
-6183.237
-6181.729
-6177.687
-6181.482
-6192.634
-6180.435
-6210.209
-6185.252
-6206.566
-6206.216
-6183.65
-6187.471
-6199.955
-6190.971
-6179.846
-6309.633
-6222.243
-6180.912
-6182.5
-6183.247
-6182.725
-6177.334
-6178.354
-6198.897
-6183.243
-6178.466
-6183.791
-6181.198
-6189.648
-6194.651
-6216.327
-6197.813
-6181.055
-6205.595
-6189.141
-6186.37
-6178.244
-6202.446
-6194.68
-6175.922
-6179.299
-6173.557
-6192.364
-6191.739
-6197.943
-6181.014
-6220.269
-6180.026
-6178.753
-6217.633
-6194.301
-6189.191
-6207.18
-6196.064
-6177.482
-6216.453
-6183.166
-6203.11
-6181.248
-6187.48
-6183.475
-6221.075
-6204.627
-6188.975
-6191.931
-6173.007
-6204.355
-6206.861
-6184.145
-6231.768
-6188.675
-6182.821
-6186.525
-6178.098
-6247.508
-6175.846
-6188.597
-6180.366
-6196.153
-6200.12
-6189.573
-6229.621
-6180.643
-6185.457
-6200.046
-6218.456
-6201.796
-6189.11
-6186.404
-6179.818
-6203.325
-6188.315
-6183.53
-6192.115
-6175.908
-6227.643
-6185.107
-6179.635
-6176.873
-6188.15
-6181.031
-6196.805
-6186.036
-6183.78
-6186.389
-6202.787
-6208.575
-6179.642
-6320.204
-6227.858
-6183.268
-6217.177
-6220.744
-6237.689
-6189.342
-6204.73
-6253.763
-6204.382
-6228.055
-6204.935
-6181.046
-6189.945
-6173.094
-6200.784
-6208.051
-6178.741
-6197.563
-6183.431
-6191.155
-6181.493
-6193.682
-6224.195
-6230.969
-6184.578
-6174.963
-6209.988
-6178.658
-6199.978
-6191.453
-6195.412
-6206.668
-6178.318
-6185.808
-6189.698
-6190.678
-6189.012
-6193.34
-6193.815
-6201.874
-6174.293
-6184.045
-6197.305
-6179.332
-6230.476
-6179.964
-6245.744
-6175.117
-6188.999
-6187.572
-6188.995
-6188.86
-6194.999
-6220.753
-6184.599
-6232.505
-6175.949
-6224.123
-6185.856
-6180.035
-6333.951
-6227.155
-6181.493
-6177.39
-6200.94
-6178.666
-6191.332
-6242.826
-6195.47
-6223.575
-6208.797
-6202.467
-6206.59
-6183.076
-6179.612
-6176.888
-6211.796
-6180.377
-6182.156
-6275.619
-6182.262
-6303.55
-6186.85
-6278.918
-6174.181
-6196.811
-6197.845
-6203.242
-6204.718
-6215.874
-6218.145
-6204.305
-6204.994
-6197.539
-6211.927
-6260.486
-6183.913
-6212.798
-6174.903
-6188.029
-6191.28
-6228.538
-6227.844
-6234.168
-6182.928
-6173.432
-6176.253
-6181.044
-6187.455
-6182.417
-6191.721
-6227.411
-6190.119
-6229.317
-6195.406
-6224.229
-6176.186
-6192.531
-6224.836
-6187.475
-6210.151
-6199.611
-6178.79
-6208.058
-6178.54
-6174.883
-6179.101
-6205.594
-6205.571
-6193.571
-6205.314
-6185.042
-6204.612
-6184.438
-6188.911
-6204.251
-6220.528
-6199.732
-6207.329
-6197.583
-6178.39
-6232.086
-6183.256
-6177.715
-6180.964
-6276.851
-6195.402
-6182.159
-6172.361
-6283.741
-6173.793
-6229.041
-6188.611
-6181.214
-6177.444
-6171.044
-6175.474
-6188.817
-6211.599
-6181.694
-6212.323
-6177.112
-6188.402
-6179.025
-6210.454
-6178.101
-6185.664
-6183.455
-6177.404
-6188.268
-6209.242
-6185.53
-6176.947
-6175.354
-6230.846
-6177.621
-6202.752
-6196.735
-6194.139
-6244.526
-6185.789
-6184.935
-6175.59
-6194.114
-6184.68
-6177.557
-6201.897
-6198.324
-6174.572
-6179.861
-6259.108
-6174.98
-6192.015
-6192.865
-6173.416
-6177.825
-6173.185
-6175.469
-6225.041
-6212.049
-6186.224
-6175.104
-6188.145
-6184.86
-6186.794
-6191.634
-6177.135
-6201.059
-6181.619
-6195.467
-6236.43
-6251.397
-6177.282
-6178.965
-6181.002
-6233.914
-6192.57
-6175.463
-6184.694
-6184.505
-6235.86
-6195.702
-6210.13
-6187.821
-6182.321
-6205.877
-6180.918
-6189.464
-6179.597
-6178.898
-6177.208
-6186.585
-6224.008
-6194.068
-6190.933
-6180.529
-6174.33
-6195.059
-6182.159
-6182.996
-6183.194
-6187.115
-6237.256
-6180.547
-6215.148
-6289.18
-6185.988
-6206.639
-6195.844
-6180.029
-6177.822
-6195.769
-6182.993
-6183.394
-6182.92
-6179.142
-6194.025
-6182.561
-6182.124
-6208.495
-6176.996
-6241.123
-6188.545
-6176.74
-6332.228
-6198.158
-6188.808
-6225.799
-6179.844
-6173.215
-6200.241
-6193.844
-6225.102
-6228.963
-6175.033
-6183.499
-6223.644
-6180.415
-6176.734
-6187.357
-6226.419
-6194.409
-6197.849
-6176.765
-6180.759
-6186.711
-6188.65
-6192.277
-6181.304
-6192.849
-6183.198
-6183.193
-6174.339
-6218.117
-6201.918
-6238.82
-6192.554
-6174.698
-6208.161
-6190.442
-6223.899
-6189.369
-6192.364
-6204.462
-6174.237
-6198.39
-6209.776
-6183.127
-6242.802
-6178.818
-6210.132
-6182.144
-6181.873
-6222.322
-6197.712
-6177.355
-6186.837
-6213.777
-6175.32
-6194.033
-6181.738
-6174.363
-6202.788
-6204.155
-6178.432
-6190.123
-6179.757
-6221.72
-6200.7
-6186.082
-6173.4
-6175.224
-6190.14
-6175.113
-6208.706
-6192.523
-6190.839
-6177.153
-6200.566
-6186.707
-6185.454
-6204.816
-6176.252
-6177.996
-6179.013
-6188.128
-6177.086
-6176.14
-6179.803
-6176.465
-6194.26
-6181.397
-6224.228
-6196.823
-6177.195
-6213.799
-6187.261
-6246.777
-6201.422
-6223.381
-6183.133
-6180.027
-6174.913
-6177.945
-6172.83
-6176.663
-6211.4
-6188.328
-6219.464
-6198.807
-6180.045
-6173.163
-6202.597
-6176.223
-6183.935
-6184.558
-6179.906
-6175.277
-6180.582
-6179.633
-6177.683
-6196.725
-6193.831
-6183.691
-6176.54
-6219.846
-6230.152
-6176.344
-6184.193
-6186.341
-6182.241
-6175.296
-6174.46
-6201.722
-6176.859
-6202.362
-6208.743
-6177.446
-6183.785
-6205.582
-6214.338
-6188.284
-6176.075
-6210.404
-6228.573
-6179.245
-6189.486
-6240.455
-6194.688
-6188.227
-6217.263
-6190.568
-6200.381
-6228.782
-6180.374
-6189.775
-6220.764
-6190.988
-6187.985
-6194.153
-6193.821
-6268.2
-6203.199
-6180.877
-6182.369
-6180.285
-6185.348
-6197.473
-6248.817
-6267.635
-6192.022
-6171.982
-6182.838
-6179.475
-6212.628
-6186.984
-6205.155
-6179.789
-6177.636
-6179.089
-6229.319
-6210.079
-6216.238
-6238.257
-6202.723
-6191.121
-6216.768
-6238.154
-6179.123
-6213.798
-6212.19
-6182.462
-6180.148
-6215.509
-6274.376
-6215.799
-6182.079
-6178.814
-6183.083
-6214.641
-6205.329
-6192.701
-6194.621
-6280.288
-6231.334
-6201.762
-6190.456
-6180.435
-6205.08
-6190.524
-6178.54
-6175.054
-6281.056
-6176.961
-6181.612
-6183.153
-6181.501
-6181.201
-6205.548
-6183.658
-6186.784
-6182.58
-6201.094
-6178.991
-6175.728
-6203.913
-6180.873
-6198.73
-6182.716
-6230.843
-6176.772
-6176.229
-6175.54
-6187.838
-6216.944
-6319.608
-6263.026
-6201.598
-6197.534
-6260.561
-6178.662
-6237.621
-6179.313
-6183.261
-6237.418
-6186.734
-6180.605
-6250.883
-6258.166
-6226.993
-6174.91
-6176.716
-6194.75
-6219.21
-6195.436
-6184.303
-6186.086
-6178.673
-6197.646
-6190.097
-6179.145
-6182.927
-6238.365
-6241.515
-6216.969
-6199.785
-6211.138
-6193.248
-6176.152
-6182.13
-6188.325
-6180.584
-6186.122
-6185.973
-6176.845
-6190.947
-6182.371
-6175.147
-6180.866
-6222.843
-6191.965
-6186.682
-6223.151
-6195.128
-6193.124
-6177.056
-6232.812
-6185.52
-6197.965
-6182.792
-6178.902
-6180.251
-6222.6
-6178.382
-6176.947
-6188.761
-6187.386
-6195.21
-6212.072
-6211.631
-6185.359
-6181.743
-6181.443
-6177.336
-6235.96
-6186.989
-6185.827
-6179.213
-6258.638
-6180.678
-6205.9
-6215.114
-6172.454
-6173.92
-6193.222
-6176.55
-6189.742
-6174.417
-6177.532
-6181.905
-6205.01
-6186.787
-6178.758
-6205.65
-6175.394
-6224.676
-6215.012
-6190.486
-6216.286
-6180.654
-6181.086
-6181.045
-6177.623
-6174.983
-6187.724
-6183.69
-6183.992
-6194.104
-6177.675
-6182.329
-6187.788
-6186.133
-6294.311
-6230.022
-6239.108
-6201.34
-6191.442
-6185.405
-6184.632
-6183.498
-6185.76
-6244.172
-6198.333
-6176.771
-6219.784
-6202.109
-6178.041
-6234.813
-6192.052
-6212.589
-6177.473
-6179.155
-6182.403
-6176.739
-6187.038
-6179.344
-6176.383
-6207.872
-6180.535
-6193.653
-6183.566
-6202.128
-6201.685
-6213.737
-6183.435
-6219.513
-6186.643
-6190.345
-6180.574
-6171.855
-6182.695
-6173.973
-6221.055
-6226.777
-6180.515
-6278.7
-6196.158
-6239.865
-6217.311
-6183.55
-6204.005
-6183.623
-6237.998
-6188.529
-6173.032
-6210.608
-6271.695
-6180.467
-6188.583
-6176.868
-6176.335
-6190.902
-6181.945
-6183.818
-6226.234
-6183.638
-6184.971
-6241.632
-6204.362
-6177.287
-6205.704
-6202.483
-6184.364
-6182.284
-6187.459
-6247.349
-6200.42
-6223.025
-6256.92
-6195.017
-6288.348
-6179.708
-6172.914
-6190.921
-6175.518
-6188.45
-6182.453
-6225.881
-6193.28
-6216.873
-6215.633
-6179.452
-6194.239
-6187.819
-6200.676
-6175.812
-6177.599
-6195.817
-6255.582
-6200.665
-6194.576
-6181.569
-6226.045
-6179.417
-6179.036
-6192.64
-6261.501
-6195.148
-6186.475
-6198.218
-6193.653
-6238.295
-6235.049
-6202.286
-6304.288
-6170.498
-6189.442
-6212.076
-6200.386
-6191.37
-6196.707
-6175.261
-6191.864
-6213.861
-6176.978
-6173.087
-6189.038
-6180.94
-6185.993
-6236.963
-6213.004
-6183.427
-6176.279
-6206.663
-6190.221
-6174.824
-6190.417
-6182.878
-6240.502
-6177.802
-6201.067
-6229.313
-6178.14
-6188.011
-6179.753
-6237.514
-6187.763
-6194.169
-6202.187
-6182.07
-6173.905
-6174.395
-6272.984
-6181.521
-6177.985
-6196.521
-6184.928
-6184.444
-6178.899
-6178.258
-6196.95
-6190.275
-6220.687
-6190.106
-6183.429
-6212.56
-6184.234
-6172.916
-6204.821
-6175.297
-6183.224
-6189.731
-6196.437
-6186.045
-6173.509
-6201.786
-6174.653
-6178.576
-6195.053
-6184.832
-6221.341
-6206.675
-6197.527
-6179.49
-6199.213
-6181.246
-6220.361
-6185.292
-6206.365
-6193.182
-6233.213
-6195.78
-6200.772
-6205.101
-6183.305
-6174.595
-6186.325
-6199.043
-6203.984
-6182.178
-6190.567
-6186.477
-6190.133
-6199.457
-6178.979
-6172.81
-6175.439
-6177.775
-6202.992
-6228.213
-6196.598
-6212.666
-6209.696
-6184.913
-6178.026
-6205.84
-6182.413
-6185.071
-6182.935
-6180.263
-6172.991
-6218.015
-6181.066
-6217.424
-6181.839
-6178.435
-6176.366
-6178.557
-6186.268
-6192.092
-6180.814
-6173.236
-6228.024
-6184.199
-6192.92
-6183.261
-6201.888
-6249.767
-6185.749
-6211.044
-6179.577
-6211.728
-6190.699
-6204.62
-6174.513
-6225.051
-6170.997
-6180.12
-6189.863
-6190.326
-6192.072
-6180.539
-6185.476
-6188.254
-6209.448
-6172.942
-6187.855
-6200.226
-6197.641
-6174.324
-6181.793
-6195.276
-6173.041
-6184.444
-6192.901
-6180.8
-6193.73
-6235.944
-6177.4
-6197.406
-6173.544
-6178.171
-6182.859
-6188.905
-6177.414
-6177.694
-6196.463
-6212.479
-6184.913
-6180.979
-6232.991
-6184.973
-6177.848
-6210.368
-6177.973
-6194.957
-6188.558
-6174.617
-6189.63
-6185.918
-6176.412
-6177.1
-6176.576
-6175.449
-6198.894
-6206.728
-6190.576
-6180.425
-6176.057
-6171.147
-6184.388
-6179.01
-6197.28
-6227.12
-6171.953
-6179.168
-6179.979
-6238.5
-6179.462
-6208.599
-6199.879
-6183.936
-6182.99
-6173.619
-6175.656
-6189.177
-6199.489
-6210.729
-6212.339
-6207.606
-6220.662
-6173.272
-6262.844
-6179.184
-6200.777
-6203.753
-6179.957
-6187.718
-6184.464
-6182.226
-6200.071
-6170.818
-6183.437
-6174.887
-6183.37
-6194.413
-6175.361
-6209.461
-6177.529
-6178.653
-6176.103
-6227.78
-6175.771
-6181.746
-6170.988
-6203.274
-6184.057
-6201.671
-6214.451
-6176.119
-6217.912
-6195.368
-6205.33
-6194.866
-6185.092
-6177.126
-6191.316
-6249.127
-6199.064
-6183.964
-6219.937
-6215.099
-6227.669
-6175.992
-6196.817
-6179.043
-6169.628
-6183.708
-6183.291
-6184.947
-6179.07
-6200.434
-6186.284
-6195.22
-6171.06
-6183.752
-6176.015
-6181.186
-6225.727
-6181.939
-6174.273
-6182.923
-6180.086
-6174.46
-6177.868
-6220.122
-6203.25
-6183.571
-6176.598
-6198.66
-6188.78
-6191.431
-6190.833
-6171.569
-6190.928
-6190.561
-6221.242
-6177.641
-6210.284
-6172.911
-6199.622
-6172.982
-6210.688
-6190.745
-6174.465
-6181.374
-6205.408
-6210.47
-6207.592
-6176.373
-6192.889
-6182.546
-6196.701
-6195.301
-6182.408
-6196.742
-6190.035
-6222.107
-6174.381
-6192.619
-6184.984
-6190.291
-6228.173
-6178.592
-6169.452
-6201.545
-6193.438
-6233.526
-6192.923
-6170.376
-6176.105
-6178.872
-6172.58
-6171.123
-6172.445
-6180.27
-6180.245
-6173.303
-6186.35
-6183.151
-6226.67
-6177.274
-6175.589
-6174.183
-6233.676
-6236.924
-6184.993
-6182.088
-6182.835
-6179.832
-6189.759
-6188.024
-6184.516
-6198.188
-6187.927
-6173.472
-6183.454
-6234.88
-6189.085
-6173.582
-6189.489
-6191.811
-6173.579
-6193.973
-6178.926
-6180.847
-6274.612
-6189.831
-6181.998
-6196.898
-6185.742
-6176.231
-6203.045
-6174.278
-6186.178
-6206.853
-6171.895
-6219.12
-6209.387
-6195.743
-6186.337
-6183.823
-6207.092
-6178.76
-6175.544
-6230.674
-6203.388
-6186.849
-6182.332
-6195.492
-6179.077
-6179.31
-6186.143
-6178.575
-6178.176
-6201.124
-6174.269
-6173.111
-6176.467
-6180.628
-6183.068
-6186.44
-6201.306
-6193.005
-6208.769
-6250.9
-6191.939
-6181.66
-6183.12
-6201.047
-6183.24
-6189.58
-6183.708
-6200.147
-6186.894
-6196.144
-6176.226
-6189.069
-6179.083
-6177.459
-6174.912
-6180.61
-6184.68
-6179.954
-6176.702
-6186.709
-6181.226
-6180.618
-6187.408
-6179.995
-6190.488
-6180.783
-6190.239
-6208.386
-6195.731
-6199.992
-6184.522
-6183.943
-6198.942
-6185.946
-6254.304
-6170.237
-6181.724
-6172.631
-6196.504
-6186.613
-6242.685
-6276.827
-6187.52
-6174.059
-6180.841
-6185.622
-6188.66
-6198.48
-6173.326
-6182.559
-6182.627
-6179.695
-6230.99
-6207.554
-6190.875
-6175.124
-6230.139
-6219.852
-6181.118
-6195.886
-6184.517
-6180.476
-6211.744
-6195.18
-6216.037
-6203.895
-6185.904
-6198.665
-6199.331
-6170.72
-6184.381
-6197.567
-6182.074
-6198.202
-6176.015
-6189.227
-6187.284
-6194.926
-6198.217
-6172.141
-6175.107
-6174.054
-6172.915
-6209.69
-6246.983
-6202.748
-6179.883
-6183.313
-6174.589
-6169.927
-6174.351
-6180.261
-6189.821
-6221.628
-6193.716
-6177.191
-6184.746
-6181.632
-6188.002
-6185.871
-6193.21
-6194.659
-6208.694
-6180.122
-6203.829
-6230.429
-6188.81
-6187.595
-6182.786
-6211.71
-6227.916
-6175.904
-6210.507
-6186.567
-6200.473
-6191.231
-6172.358
-6223.968
-6219.421
-6178.374
-6179.317
-6173.895
-6218.549
-6176.08
-6200.794
-6178.754
-6194.72
-6242.629
-6173.685
-6182.391
-6181.716
-6192.951
-6169.791
-6181.171
-6192.093
-6190.43
-6220.649
-6171.388
-6199.961
-6174.366
-6176.761
-6245.999
-6183.708
-6183.077
-6179.643
-6182.618
-6172.372
-6188.61
-6208.745
-6207.367
-6173.614
-6186.409
-6186.219
-6188.19
-6174.737
-6179.538
-6179.409
-6189.298
-6206.683
-6178.464
-6201.325
-6171.551
-6171.445
-6193.921
-6210.794
-6187.107
-6233.372
-6185.176
-6193.459
-6198.92
-6179.282
-6177.962
-6173.688
-6179.037
-6179.097
-6181.261
-6172.794
-6176.568
-6190.319
-6196.383
-6170.105
-6178.67
-6175.552
-6196.678
-6172.689
-6170.916
-6179.383
-6209.808
-6177.673
-6181.501
-6204.441
-6230.002
-6173.385
-6170.681
-6167.945
-6273.281
-6188.042
-6172.203
-6183.762
-6176.973
-6171.896
-6182.392
-6170.722
-6170.171
-6206.829
-6221.39
-6179.276
-6185.441
-6190.633
-6171.955
-6185.882
-6169.363
-6171.775
-6180.262
-6173.772
-6169.923
-6169.887
-6188.687
-6190.698
-6173.38
-6189.369
-6220.819
-6183.722
-6174.091
-6206.801
-6177.673
-6201.959
-6201.342
-6177.142
-6178.216
-6180.942
-6177.318
-6176.003
-6199.871
-6170.245
-6174.376
-6172.355
-6176.3
-6179.436
-6248.979
-6207.271
-6177.341
-6176.33
-6177.713
-6188.814
-6187.162
-6252.912
-6170.742
-6193.246
-6170.938
-6171.403
-6172.988
-6194.56
-6192.568
-6229.233
-6204.312
-6170.541
-6186.715
-6198.792
-6179.429
-6167.883
-6178.168
-6239.354
-6171.264
-6173.172
-6176.663
-6171.795
-6193.795
-6178.206
-6193.427
-6176.243
-6193.427
-6171.374
-6168.081
-6170.484
-6199.68
-6182.393
-6181.109
-6180.744
-6171.029
-6204.729
-6180.452
-6171.632
-6182.687
-6179.644
-6172.599
-6189.71
-6180.729
-6198.519
-6172.064
-6177.096
-6190.748
-6179.241
-6201.931
-6173.914
-6182.427
-6187.579
-6188.806
-6166.239
-6198.179
-6176.748
-6169.299
-6174.809
-6186.25
-6167.339
-6182.873
-6163.117
-6167.438
-6175.329
-6174.398
-6176.631
-6162.718
-6170.954
-6164.703
-6156.711
-6158.814
-6186.533
-6172.665
-6168.498
-6194.246
-6175.889
-6206.821
-6173.4
-6191.439
-6168.356
-6172.467
-6181.556
-6178.934
-6189.214
-6167.189
-6154.308
-6181.591
-6161.592
-6159.243
-6189.837
-6159.366
-6159.086
-6173.007
-6177.641
-6201.548
-6168.133
-6186.898
-6172.572
-6173.819
-6162.634
-6155.452
-6168.522
-6163.964
-6178.162
-6154.842
-6187.626
-6177.995
-6157.094
-6165.86
-6155.365
-6158.37
-6160.18
-6163.331
-6163.936
-6218.503
-6196.595
-6199.639
-6160.725
-6166.892
-6195.016
-6161.428
-6163.804
-6161.862
-6157.068
-6194.799
-6159.823
-6163.837
-6191.556
-6190.986
-6172.981
-6168.938
-6174.437
-6173.202
-6164.128
-6168.134
-6153.21
-6165.301
-6154.998
-6158.594
-6215.302
-6181.122
-6157.06
-6152.79
-6173.41
-6161.407
-6173.087
-6165.733
-6146.507
-6148.785
-6152.016
-6161.373
-6156.587
-6162.933
-6172.857
-6180.748
-6149.33
-6151.055
-6145.844
-6157.038
-6165.241
-6148.708
-6172.93
-6154.094
-6149.294
-6186.779
-6148.43
-6161.915
-6146.389
-6154.132
-6156.134
-6146.059
-6148.533
-6156.078
-6158.512
-6152.651
-6155
-6157.613
-6152.685
-6164.548
-6170.861
-6170.739
-6151.979
-6166.84
-6151.827
-6148.586
-6153.948
-6178.19
-6149.044
-6153.138
-6152.614
-6153.42
-6160.789
-6163.941
-6168.781
-6156.2
-6170.796
-6152.982
-6146.937
-6147.787
-6147.036
-6147.723
-6175.501
-6158.236
-6156.288
-6164.162
-6150.862
-6154.931
-6165.61
-6166.095
-6159.795
-6163.684
-6165.505
-6166.661
-6161.272
-6147.654
-6175.203
-6184.285
-6157.937
-6156.583
-6153.668
-6153.384
-6163.575
-6166.798
-6149.893
-6162.511
-6168.882
-6154.347
-6198.947
-6157.73
-6149.411
-6161.327
-6161.888
-6147.454
-6184.145
-6162.774
-6154.058
-6186.465
-6156.629
-6147.547
-6150.49
-6152.93
-6154.23
-6152.763
-6147.451
-6152.624
-6163.378
-6146.325
-6188.408
-6139.808
-6144.092
-6153.851
-6143.212
-6155.917
-6142.854
-6151.608
-6145.027
-6143.948
-6139.243
-6144.521
-6146.649
-6144.756
-6141.808
-6161.07
-6153.345
-6165.721
-6150.604
-6152.443
-6150.2
-6141.437
-6150.759
-6151.89
-6145.882
-6175.891
-6146.48
-6162.588
-6147.512
-6147.203
-6141.968
-6159.63
-6157.357
-6141.186
-6148.382
-6151.221
-6162.877
-6149.813
-6136.472
-6147.603
-6144.349
-6144.124
-6142.194
-6139.896
-6141.197
-6141.256
-6140.089
-6145.399
-6155.758
-6148.564
-6140.549
-6156.974
-6141.965
-6146.835
-6144.397
-6153.705
-6137.971
-6135.332
-6134.108
-6157.331
-6152.152
-6169.267
-6148.084
-6136.945
-6145.446
-6148.716
-6138.017
-6144.668
-6145.376
-6148.619
-6137.131
-6143.802
-6139.97
-6135.912
-6136.104
-6136.283
-6150.357
-6147
-6143.406
-6142.378
-6147.495
-6148.045
-6145.789
-6138.571
-6138.767
-6147.366
-6140.309
-6145.753
-6165.693
-6150.935
-6150.033
-6158.003
-6145.436
-6140.164
-6141.649
-6148.449
-6137.265
-6140.466
-6173.484
-6144.406
-6141.25
-6143.574
-6141.764
-6138.805
-6136.427
-6146.917
-6141.993
-6152.257
-6147.668
-6142.981
-6145.026
-6142.91
-6141.546
-6142.579
-6144.275
-6150.192
-6136.039
-6136.997
-6141.782
-6170.864
-6140.812
-6143.675
-6145.125
-6141.76
-6144.926
-6139.305
-6146.26
-6148.143
-6157.214
-6143.097
-6157.375
-6136.911
-6144.036
-6146.7
-6142.022
-6142.829
-6144.883
-6145.069
-6146.239
-6172.465
-6141.434
-6137.587
-6146.245
-6151.894
-6138.349
-6140.456
-6142.826
-6137.817
-6135.902
-6145.415
-6139.73
-6141.327
-6141.339
-6140.951
-6143.027
-6143.175
-6150.29
-6141.033
-6149.153
-6145.462
-6152.538
-6155.917
-6138.581
-6147.988
-6188.039
-6140.498
-6140.275
-6138.97
-6140.663
-6161.219
-6162.5
-6136.585
-6145.244
-6142.789
-6140.418
-6143.839
-6147.743
-6165.607
-6138.433
-6162.932
-6138.491
-6159.257
-6145.3
-6149.591
-6167.948
-6141.139
-6140.126
-6149.271
-6152.795
-6207.66
-6142.864
-6148.193
-6143.144
-6154.267
-6146.963
-6139.689
-6136.93
-6143.533
-6146.141
-6147.098
-6150.943
-6142.794
-6138.001
-6138.271
-6155.306
-6148.297
-6157.677
-6145.835
-6146.431
-6143.111
-6147.345
-6144.841
-6139.048
-6151.273
-6142.353
-6156.404
-6158.476
-6138.478
-6147.359
-6141.924
-6151.481
-6150.617
-6138.71
-6141.434
-6143.034
-6139.347
-6137.503
-6140.275
-6138.123
-6142.156
-6145.77
-6151.437
-6142.756
-6150.894
-6144.445
-6141.87
-6160.012
-6141.318
-6146.275
-6138.22
-6154.999
-6137.642
-6149.497
-6148.258
-6147.111
-6171.273
-6191.043
-6164.114
-6145.482
-6138.587
-6145.84
-6149.143
-6140.521
-6144.101
-6152.664
-6139.226
-6165.187
-6148.397
-6137.534
-6145.952
-6142.414
-6140.437
-6143.086
-6144.417
-6144.614
-6141.063
-6135.799
-6145.805
-6147.115
-6138.666
-6137.168
-6156.454
-6139.462
-6142.563
-6139.021
-6139.295
-6150.694
-6151.44
-6165.679
-6143.088
-6154.397
-6160.152
-6145.288
-6143.748
-6182.496
-6147.052
-6137.477
-6146.161
-6144.089
-6139.23
-6141.534
-6138.731
-6140.426
-6141.704
-6154.957
-6164.395
-6141.68
-6138.353
-6134.579
-6137.453
-6141.641
-6137.81
-6146.056
-6144.675
-6146.161
-6140.096
-6139.012
-6139.235
-6142.305
-6148.23
-6151.43
-6136.366
-6155.342
-6149.094
-6138.79
-6151.32
-6143.718
-6138.095
-6147.794
-6144.263
-6139.006
-6145.793
-6140.763
-6145.007
-6146.031
-6141.529
-6138.657
-6135.883
-6136.492
-6136.242
-6147.832
-6139.786
-6165.391
-6139.43
-6149.278
-6150.933
-6143.269
-6142.985
-6168.775
-6141.699
-6139.86
-6149.665
-6149.803
-6147.424
-6147.667
-6142.234
-6138.365
-6136.999
-6144.357
-6140.456
-6135.323
-6144.859
-6146
-6148.898
-6137.789
-6142.863
-6137.199
-6143.491
-6157.136
-6150.059
-6137.84
-6145.549
-6147.51
-6139.238
-6147.69
-6166.209
-6155.137
-6140.18
-6157.705
-6137.617
-6145.657
-6140.735
-6145.129
-6139.466
-6150.651
-6139.242
-6140.361
-6138.748
-6141.097
-6134.678
-6170.926
-6135.873
-6139.156
-6141.877
-6139.004
-6138.44
-6143.251
-6150.47
-6143.622
-6137.371
-6138.938
-6137.479
-6135.961
-6142.664
-6188.51
-6159.697
-6143.291
-6152.53
-6148.901
-6153.42
-6166.047
-6140.264
-6145.566
-6145.854
-6150.061
-6149.085
-6154.456
-6147.919
-6144.24
-6157.631
-6145.875
-6140.769
-6149.526
-6138.525
-6140.579
-6154.463
-6150.602
-6141.301
-6161.48
-6142.34
-6145.621
-6153.667
-6155.655
-6144.683
-6166.114
-6132.299
-6141.443
-6139.088
-6136.901
-6143.247
-6145.497
-6143.547
-6141.562
-6136.892
-6161.408
-6136.735
-6145.561
-6142.49
-6140.096
-6140.164
-6140.233
-6156.058
-6139.284
-6136.816
-6138.399
-6160.368
-6141.338
-6138.528
-6140.264
-6157.881
-6145.548
-6139.992
-6137.636
-6141.356
-6143.413
-6142.886
-6143.474
-6148.956
-6132.671
-6156.17
-6134.07
-6139.276
-6137.034
-6178.883
-6144.28
-6140.093
-6147.826
-6138.033
-6150.051
-6145.381
-6136.43
-6140.277
-6138.625
-6134.18
-6144.146
-6149.849
-6141.592
-6143.157
-6136.819
-6139.723
-6136.58
-6138.69
-6134.729
-6145.235
-6150.218
-6139.966
-6157.269
-6139.924
-6137.521
-6145.51
-6136.665
-6139.605
-6134.772
-6140.235
-6138.23
-6132.187
-6140.36
-6143.77
-6135.294
-6141.52
-6143.155
-6139.551
-6134.458
-6137.81
-6148.696
-6132.924
-6145.849
-6137.123
-6138.563
-6144.939
-6136.502
-6147.173
-6142.367
-6137.427
-6138.109
-6151.352
-6150.709
-6142.379
-6136.092
-6140.912
-6138.071
-6139.661
-6152.453
-6140.689
-6153.615
-6137.216
-6144.399
-6136.345
-6149.179
-6147.657
-6145.534
-6135.426
-6135.441
-6144.035
-6135.595
-6143.273
-6140.045
-6135.988
-6140.83
-6142.575
-6133.507
-6145.058
-6143.757
-6143.577
-6149.771
-6138.525
-6142.409
-6146.072
-6136.359
-6136.912
-6143.335
-6146.736
-6153.073
-6157.475
-6135.278
-6151.074
-6154.703
-6135.565
-6153.844
-6137.323
-6139.144
-6141.33
-6138.284
-6143.281
-6145.767
-6161.948
-6140.29
-6151.602
-6139.014
-6141.282
-6157.11
-6146.012
-6146.694
-6140.426
-6141.381
-6173.209
-6145.914
-6144.404
-6151.382
-6183.692
-6147.684
-6142.133
-6183.259
-6150.763
-6166.038
-6156.332
-6151.027
-6138.339
-6140.851
-6168.086
-6165.7
-6139.877
-6138.142
-6161.086
-6138.843
-6145.745
-6139.322
-6142.179
-6140.793
-6148.806
-6142.691
-6147.041
-6154.899
-6136.322
-6154.724
-6141.053
-6139.791
-6138.303
-6139.933
-6137.171
-6142.16
-6148.509
-6150.828
-6165.522
-6141.707
-6155.872
-6145.372
-6151.772
-6144.666
-6142.793
-6146.777
-6143.836
-6138.855
-6146.904
-6137.462
-6138.445
-6145.731
-6141.531
-6141.634
-6163.708
-6141.168
-6148.398
-6137.278
-6152.248
-6161.192
-6148.27
-6141.964
-6161.303
-6139.707
-6137.776
-6143.436
-6166.54
-6149.999
-6140.008
-6153.947
-6135.738
-6147.402
-6141.501
-6139.551
-6154.444
-6142.615
-6139.193
-6142.498
-6136.966
-6144.057
-6141.945
-6145.055
-6137.228
-6151.821
-6164.428
-6149.011
-6147.854
-6147.744
-6142.116
-6157.082
-6136.844
-6150.205
-6149.135
-6145.694
-6149.228
-6134.411
-6134.358
-6168.636
-6134.47
-6138.241
-6142.887
-6144.682
-6140.817
-6142.202
-6141.652
-6141.621
-6143.8
-6144.815
-6152.168
-6138.058
-6139.766
-6169.456
-6142.816
-6144.247
-6139.786
-6136.044
-6141.223
-6139.624
-6154.88
-6147.092
-6139.09
-6144.568
-6144.893
-6155.019
-6143.663
-6168.431
-6138.121
-6159.439
-6158.578
-6154.273
-6155.055
-6149.614
-6144.282
-6137.076
-6146.482
-6145.194
-6152.05
-6148.339
-6141.664
-6142.697
-6146.364
-6160.625
-6145.39
-6148.148
-6145.19
-6139.435
-6138.998
-6146.747
-6142.912
-6166.123
-6146.458
-6141.013
-6138.183
-6147.292
-6141.913
-6142.851
-6155.372
-6152.142
-6155.86
-6138.864
-6149.959
-6157.067
-6178.512
-6151.371
-6143.126
-6136.25
-6141.419
-6134.728
-6149.999
-6140.628
-6142.423
-6139.93
-6155.822
-6139.304
-6139.771
-6149.541
-6138.966
-6154.818
-6146.487
-6157.754
-6139.08
-6151.869
-6143.811
-6143.914
-6138.131
-6148.074
-6141.847
-6154.95
-6140.17
-6139.569
-6162.675
-6141.634
-6148.944
-6152.018
-6138.929
-6139.151
-6151.972
-6141.51
-6136.29
-6139.366
-6149.278
-6140.931
-6141.75
-6149.117
-6172.454
-6141.845
-6137.097
-6138.9
-6152.74
-6138.068
-6155.171
-6141.53
-6134.138
-6141.076
-6145.266
-6143.388
-6141.198
-6146.168
-6138.181
-6143.074
-6140.921
-6137.272
-6137.133
-6137.554
-6139.743
-6142.826
-6155.242
-6143.925
-6168.382
-6139.051
-6145.221
-6138.03
-6140.077
-6150.953
-6136.348
-6136.191
-6135.58
-6136.068
-6138.911
-6138.301
-6140.56
-6139.07
-6140.081
-6150.544
-6187.165
-6143.475
-6146.775
-6147.957
-6138.229
-6139.135
-6147.273
-6139.072
-6151.785
-6137.384
-6145.696
-6152.52
-6142.909
-6157.495
-6137.248
-6135.572
-6137.835
-6140.546
-6140.073
-6139.45
-6137.894
-6142.714
-6144.615
-6140.106
-6147.552
-6136.773
-6136.541
-6141.66
-6156.912
-6137.202
-6138.674
-6150.722
-6135.196
-6136.77
-6139.676
-6136.289
-6144.107
-6139.616
-6152.773
-6137.375
-6143.707
-6137.124
-6151.234
-6141.573
-6141.101
-6140.521
-6141.532
-6139.543
-6156.139
-6148.879
-6152.88
-6139.408
-6139.777
-6140.972
-6142.492
-6140.048
-6151.161
-6176.361
-6155.947
-6139.427
-6140.819
-6146.924
-6141.239
-6137.298
-6152.615
-6141.085
-6153.67
-6140.207
-6137.722
-6137.534
-6150.911
-6139.444
-6136.887
-6135.998
-6139.484
-6138.199
-6161.874
-6145.857
-6137.822
-6140.382
-6148.194
-6139.974
-6143.679
-6139.579
-6143.198
-6138.683
-6137.834
-6155.691
-6138.376
-6154.312
-6139.888
-6154.991
-6145.347
-6136.78
-6160.144
-6163.386
-6137.708
-6142.676
-6139.218
-6136.876
-6147.274
-6139.165
-6146.548
-6146.36
-6142.366
-6146.175
-6140.694
-6138.653
-6144.825
-6142.865
-6140.088
-6137.628
-6139.104
-6139.999
-6148.397
-6140.892
-6155.128
-6139.749
-6151.24
-6141.439
-6142.497
-6145.092
-6141.299
-6152.014
-6141.156
-6139.103
-6145.416
-6144.831
-6136.12
-6159.264
-6142.051
-6160.681
-6158.215
-6142.087
-6159.996
-6149.107
-6141.73
-6138.057
-6144.251
-6155.792
-6153.654
-6136.726
-6143.357
-6136.861
-6147.418
-6140.954
-6144.887
-6143.049
-6150.691
-6143.853
-6137.317
-6143.536
-6159.272
-6143.878
-6137.046
-6143.159
-6138.731
-6140.73
-6149.472
-6136.339
-6138.172
-6150.581
-6144.214
-6143.679
-6146.461
-6169.397
-6146.457
-6153.056
-6138.799
-6157.665
-6151.682
-6146.158
-6146.923
-6139.615
-6145.425
-6139.16
-6145.6
-6138.589
-6144.86
-6142.262
-6157.359
-6157.651
-6153.074
-6149.214
-6143.827
-6160.663
-6149.861
-6144.964
-6143.548
-6143.955
-6155.179
-6147.882
-6153.352
-6174.688
-6150.986
-6148.491
-6148.774
-6140.304
-6162.405
-6145.026
-6142.237
-6147.996
-6157.491
-6147.799
-6135.045
-6158.573
-6152.739
-6176.463
-6138.722
-6156.766
-6156.592
-6162.173
-6139.043
-6146.52
-6136.962
-6144.993
-6158.302
-6172.398
-6143.93
-6149.384
-6149.083
-6144.728
-6144.147
-6151.583
-6153.71
-6161.336
-6141.474
-6154.269
-6140.935
-6137.513
-6161.918
-6139.479
-6139.739
-6144.675
-6146.709
-6144.225
-6146.281
-6140.291
-6146.675
-6158.312
-6136.532
-6139.566
-6141.687
-6135.497
-6135.946
-6143.075
-6140.073
-6173.072
-6138.172
-6170.545
-6152.619
-6141.112
-6152.534
-6148.343
-6152.281
-6136.447
-6155.662
-6150.466
-6141.132
-6140.888
-6142.531
-6155.081
-6144.698
-6152.066
-6135.283
-6148.215
-6140.749
-6147.762
-6140.302
-6144.715
-6147.899
-6147.442
-6174.47
-6141.438
-6154.734
-6144.899
-6142.366
-6139.445
-6161.662
-6158.593
-6145.2
-6150.314
-6136.159
-6147.431
-6150.49
-6173.493
-6157.264
-6149.485
-6157.929
-6141.205
-6141.01
-6140.7
-6141.584
-6141.339
-6145.73
-6144.487
-6155.635
-6137.772
-6145.294
-6143.423
-6144.296
-6146.979
-6190.233
-6155.515
-6170.561
-6150.404
-6148.467
-6149.111
-6142.172
-6167.851
-6147.663
-6137.988
-6160.01
-6170.155
-6157.082
-6141.235
-6155.204
-6163.14
-6147.241
-6144.293
-6146.05
-6139.148
-6142.471
-6140.98
-6140.092
-6139.767
-6142.057
-6163.996
-6145.299
-6155.111
-6153.779
-6145.892
-6139.205
-6141.423
-6146.438
-6138.061
-6197.186
-6148.266
-6150.618
-6153.212
-6140.982
-6146.567
-6144.898
-6149.233
-6140.571
-6156.327
-6159.816
-6146.677
-6140.375
-6147.409
-6149.363
-6154.31
-6151.498
-6139.818
-6156.397
-6150.402
-6147.558
-6141.384
-6142.194
-6144.579
-6151.309
-6153.398
-6153.454
-6160.421
-6152.818
-6138.657
-6154.95
-6146.327
-6152.681
-6137.65
-6153.788
-6145.368
-6151.167
-6143.624
-6139.252
-6144.268
-6139.92
-6140.641
-6141.57
-6159.942
-6139.699
-6147.197
-6145.414
-6149.667
-6153.916
-6141.166
-6150.901
-6149.164
-6138.937
-6143.274
-6137.74
-6142.813
-6143.543
-6187.874
-6142.676
-6138.537
-6151.678
-6144.075
-6138.317
-6138.842
-6143.244
-6178.188
-6148.494
-6147.432
-6144.395
-6154.009
-6141.603
-6138.351
-6135.818
-6147.167
-6153.945
-6136.016
-6146.926
-6135.486
-6143.515
-6166.903
-6141.525
-6147.182
-6138.913
-6135.879
-6141.152
-6152.066
-6157.681
-6140.018
-6152.024
-6143.234
-6138.369
-6152.182
-6140.882
-6148.033
-6140.094
-6155.068
-6143.079
-6142.124
-6144.796
-6146.458
-6150.689
-6150.38
-6149.439
-6161.564
-6151.123
-6145.096
-6143.638
-6146.782
-6149.877
-6146.397
-6153.396
-6136.985
-6140.57
-6138.811
-6137.199
-6140.402
-6144.453
-6148.969
-6143.294
-6139.931
-6177.181
-6140.152
-6136.482
-6142.617
-6150.12
-6142.095
-6142.753
-6152.229
-6198.882
-6142.791
-6139.955
-6139.299
-6166.402
-6156.869
-6139.346
-6141.376
-6158.312
-6154.862
-6146.089
-6159.074
-6140.319
-6136.342
-6142.697
-6139.497
-6156.162
-6141.563
-6140.283
-6140.675
-6145.064
-6141.264
-6161.872
-6140.827
-6142.633
-6142.683
-6137.404
-6143.506
-6142.828
-6142.94
-6152.674
-6151.947
-6159.925
-6163.448
-6146.088
-6138.782
-6138.857
-6144.139
-6138.968
-6140.043
-6145.916
-6147.222
-6150.632
-6137.781
-6179.304
-6137.534
-6144.893
-6137.48
-6152.298
-6143.894
-6151.04
-6147.409
-6154.823
-6151.501
-6151.488
-6176.186
-6137.485
-6136.303
-6139.212
-6155.697
-6140.225
-6143.221
-6151.45
-6145.712
-6137.412
-6140.894
-6138.946
-6145.814
-6159.211
-6143.978
-6145.992
-6136.116
-6147.263
-6140.376
-6142.489
-6140.206
-6140.048
-6152.565
-6145.298
-6152.838
-6135.258
-6147.175
-6144.509
-6134.865
-6146.344
-6145.326
-6135.488
-6143.723
-6157.241
-6142.523
-6139.443
-6191.543
-6145.782
-6138.393
-6135.497
-6146.672
-6144.067
-6136.308
-6156.819
-6156.302
-6137.927
-6136.981
-6162.439
-6143.105
-6138.384
-6154.108
-6136.064
-6149.576
-6162.334
-6137.22
-6142.204
-6148.915
-6149.949
-6149.205
-6144.248
-6153.458
-6157.415
-6149.235
-6140.551
-6151.158
-6136.51
-6151.626
-6140.454
-6148.023
-6153.632
-6139.864
-6166.242
-6158.864
-6139.78
-6161.929
-6151.273
-6133.707
-6150.159
-6139.551
-6150.406
-6147.568
-6146.127
-6154.947
-6138.187
-6142.226
-6138.01
-6142.045
-6138.176
-6144.114
-6137.066
-6142.742
-6138.407
-6146.726
-6144.404
-6145.283
-6149.492
-6145.02
-6133.459
-6138.017
-6144.757
-6156.46
-6155.579
-6136.039
-6142.411
-6135.251
-6143.479
-6140.72
-6153.395
-6151.789
-6140.953
-6148.533
-6152.222
-6139.215
-6136.228
-6138.794
-6153.045
-6149.828
-6144.785
-6153.613
-6146.452
-6133.9
-6142.694
-6143.147
-6140.375
-6137.103
-6164.304
-6139.322
-6143.932
-6144.459
-6138.656
-6147.764
-6157.265
-6144.373
-6143.852
-6141.808
-6140.19
-6140.97
-6166.786
-6148.728
-6148.155
-6146.211
-6134.514
-6133.886
-6138.37
-6150.562
-6156.295
-6152.777
-6157.111
-6155.509
-6139.473
-6166.191
-6139.312
-6143.398
-6155.771
-6145.507
-6138.719
-6141.529
-6140.301
-6165.908
-6157.404
-6150.065
-6148.821
-6148.274
-6143.512
-6143.391
-6145.32
-6144.515
-6146.129
-6141.366
-6135.756
-6162.934
-6138.702
-6148.382
-6155.909
-6138.03
-6151.824
-6138.53
-6137.876
-6148.446
-6141.913
-6134.505
-6163.974
-6148.439
-6141.308
-6134.978
-6156.099
-6148.587
-6145.697
-6140.802
-6144.739
-6138.726
-6152.043
-6138.956
-6142.466
-6138.571
-6144.565
-6150.789
-6142.572
-6134.352
-6146.65
-6139.93
-6163.554
-6155.761
-6164.581
-6140.537
-6162.422
-6139.412
-6160.172
-6160.754
-6147.217
-6142.374
-6144.137
-6134.741
-6143.579
-6152.291
-6140.28
-6135.171
-6154.571
-6152.492
-6143.377
-6147.135
-6136.102
-6137.586
-6139.209
-6141.619
-6140.444
-6169.513
-6140.997
-6151.968
-6147.181
-6145.47
-6146.169
-6163.594
-6152.306
-6144.626
-6151.943
-6149.098
-6137.664
-6140.246
-6146.349
-6145.774
-6143.145
-6153.213
-6159.696
-6144.546
-6137.497
-6140.819
-6142.174
-6144.154
-6143.236
-6149.365
-6139.999
-6139.085
-6159.928
-6140.655
-6149.732
-6142.952
-6149.636
-6149.503
-6143.486
-6151.415
-6137.996
-6139.229
-6133.771
-6136.843
-6136.236
-6141.033
-6142.091
-6136.345
-6138.453
-6138.737
-6141.033
-6140.017
-6151.476
-6141.044
-6146.579
-6137.196
-6135.383
-6136.292
-6140.163
-6151.323
-6142.404
-6146.705
-6149.11
-6140.152
-6141.198
-6139.07
-6170.486
-6145.617
-6144.186
-6147.861
-6145.92
-6140.191
-6137.731
-6141.574
-6147.382
-6135.68
-6135.942
-6142.023
-6139.103
-6139.622
-6153.986
-6152.015
-6143.055
-6143.596
-6134.147
-6143.35
-6137.756
-6145.844
-6141.65
-6136.907
-6135.496
-6135.064
-6136.394
-6141.112
-6155.482
-6145.218
-6146.408
-6135.427
-6135.61
-6144.421
-6137.755
-6152.313
-6147.176
-6140.845
-6140.68
-6134.357
-6156.716
-6147.584
-6149.5
-6137.249
-6143.887
-6144.051
-6140.758
-6148.743
-6134.169
-6138.011
-6140.61
-6151.7
-6143.049
-6149.296
-6140.209
-6136.051
-6157.916
-6136.644
-6138.494
-6145.147
-6170.193
-6140.098
-6160.881
-6152.737
-6150.367
-6137.26
-6144.48
-6159.655
-6138.223
-6137.134
-6150.631
-6148.12
-6153.677
-6148.02
-6146.373
-6145.091
-6153.29
-6141.198
-6147.968
-6146.659
-6142.011
-6170.976
-6137.041
-6142.923
-6146.057
-6147.332
-6137.305
-6140.778
-6168.733
-6142.053
-6142.671
-6148.581
-6138.873
-6145.75
-6143.395
-6143.055
-6162.483
-6156.048
-6155.111
-6138.513
-6143.724
-6174.594
-6148.38
-6146.261
-6144.159
-6158.394
-6143.352
-6147.789
-6164.203
-6139.533
-6143.603
-6154.067
-6140.659
-6185.338
-6142.233
-6137.981
-6150.142
-6149.069
-6146.073
-6142.443
-6141.525
-6141.474
-6159.97
-6142.443
-6145.053
-6144.79
-6140.067
-6152.996
-6144.67
-6144.454
-6147.603
-6145.507
-6141.879
-6162.522
-6139.057
-6142.948
-6145.777
-6141.832
-6140.466
-6150.828
-6141.42
-6147.933
-6146.258
-6156.259
-6145.541
-6162.138
-6146.018
-6148.024
-6151.55
-6140.024
-6145.99
-6139.696
-6142.838
-6142.522
-6146.418
-6143.439
-6164.247
-6148.755
-6151.012
-6175.864
-6156.844
-6154.78
-6154.086
-6141.958
-6173.082
-6151.198
-6143.98
-6146.425
-6154.847
-6139.218
-6155.637
-6155.464
-6138.474
-6141.181
-6186.497
-6158.716
-6144.656
-6154.109
-6148.313
-6145.412
-6143.262
-6163.205
-6151.471
-6150.101
-6140.526
-6139.717
-6142.399
-6152.364
-6143.489
-6141.664
-6137.601
-6152.687
-6141.428
-6147.176
-6152.263
-6148.54
-6144.323
-6146.454
-6138.113
-6143.07
-6143.104
-6149.158
-6140.619
-6180.545
-6146.991
-6148.666
-6145.059
-6141.572
-6136.577
-6137.938
-6140.535
-6148.473
-6146.772
-6145.693
-6145.067
-6180.294
-6168.672
-6140.455
-6151.162
-6134.933
-6134.766
-6135.152
-6141.452
-6137.324
-6141.849
-6139.132
-6143.596
-6142.351
-6144.865
-6138.117
-6145.129
-6136.382
-6138.399
-6140.592
-6147.673
-6139.746
-6147.119
-6148.349
-6150.323
-6160.98
-6141.446
-6135.824
-6149.73
-6149.792
-6145.293
-6158.388
-6158.119
-6148.155
-6139.54
-6141.933
-6148.313
-6139.266
-6137.255
-6155.958
-6156.578
-6164.306
-6177.076
-6143.231
-6178.334
-6152.851
-6145.395
-6183.386
-6141.189
-6137.23
-6162.428
-6151.136
-6159.381
-6170.215
-6145.215
-6147.987
-6141.595
-6139.005
-6157.844
-6141.325
-6141.291
-6139.843
-6138.572
-6148.873
-6156.845
-6143.354
-6143.532
-6142.487
-6146.197
-6141.452
-6140.789
-6136.191
-6137.227
-6140.026
-6140.256
-6149.668
-6146.176
-6138.152
-6139.558
-6143.625
-6145.929
-6140.463
-6156.897
-6149.181
-6140.985
-6153.402
-6142.457
-6160.086
-6155.227
-6143.07
-6146.172
-6148.344
-6143.665
-6162.748
-6136.017
-6138.366
-6150.505
-6141.038
-6140.043
-6145.806
-6137.132
-6152.74
-6139.233
-6139.134
-6137.847
-6167.835
-6140.213
-6139.857
-6137.207
-6137.531
-6147.358
-6139.163
-6146.708
-6158.39
-6144.426
-6140.415
-6140.236
-6143.486
-6146.65
-6142.678
-6149.094
-6146.262
-6136.971
-6142.723
-6141.731
-6138.818
-6156.389
-6141.218
-6137.89
-6140.287
-6144.877
-6135.708
-6138.302
-6144.806
-6142.987
-6146.343
-6145.241
-6143.385
-6145.049
-6149.459
-6148.117
-6151.472
-6141.439
-6137.61
-6134.396
-6132.681
-6148.186
-6142.481
-6149.28
-6141.297
-6143.693
-6152.544
-6138.963
-6146.511
-6144.134
-6149.756
-6143.305
-6141.534
-6136.853
-6145.896
-6150.882
-6134.472
-6136.347
-6145.454
-6138.845
-6148.293
-6137.912
-6133.987
-6141.22
-6144.372
-6155.292
-6147.851
-6142.131
-6142.361
-6140.269
-6137.962
-6143.083
-6138.616
-6147.47
-6137.677
-6137.142
-6163.003
-6136.938
-6147.664
-6145.57
-6165.39
-6140.076
-6149.162
-6141.193
-6148.618
-6142.724
-6140.492
-6160.806
-6179.526
-6133.484
-6139.202
-6137.76
-6133.128
-6140.847
-6152.627
-6140.236
-6142.132
-6160.06
-6137.007
-6142.939
-6134.135
-6135.086
-6140.979
-6140.661
-6135.045
-6146.132
-6136.52
-6134.489
-6138.951
-6142.469
-6145.35
-6140.278
-6138.871
-6131.65
-6135.816
-6135.133
-6138.351
-6134.115
-6137.013
-6133.436
-6138.674
-6139.854
-6135.222
-6143.789
-6137.621
-6137.471
-6150.495
-6141.693
-6136.55
-6138.553
-6142.447
-6134.986
-6138.368
-6133.776
-6134.146
-6133.471
-6137.646
-6141.567
-6141.976
-6140.463
-6143.867
-6145.663
-6132.93
-6136.903
-6141.934
-6188.947
-6135.989
-6131.851
-6140.136
-6142.625
-6140.091
-6139.301
-6134.951
-6143.75
-6134.795
-6160.733
-6220.988
-6134.606
-6137.168
-6137.108
-6138.875
-6136.356
-6143.83
-6148.661
-6139.201
-6135.314
-6139.362
-6138.662
-6145.626
-6138.342
-6132.086
-6144.193
-6140.547
-6154.993
-6136.566
-6141.185
-6144.743
-6134.242
-6134.32
-6142.519
-6138.488
-6135.657
-6139.263
-6144.134
-6142.337
-6138.854
-6138.622
-6136.304
-6148.383
-6141.076
-6142.897
-6137.787
-6137.314
-6137.416
-6142.058
-6141.841
-6133.985
-6142.234
-6140.614
-6151.742
-6140.087
-6140.81
-6139.167
-6133.622
-6144.132
-6156.8
-6136.418
-6139.084
-6137.53
-6148.059
-6145.469
-6133.059
-6150.541
-6138.177
-6154.569
-6135.422
-6135.688
-6146.786
-6148.084
-6137.004
-6140.196
-6136.753
-6135.498
-6135.522
-6132.765
-6137.168
-6135.563
-6140.144
-6137.412
-6154.927
-6132.867
-6143.716
-6145.306
-6140.763
-6136.938
-6148.039
-6134.085
-6146.381
-6141.396
-6134.013
-6144.707
-6139.266
-6137.786
-6147.837
-6139.846
-6146.461
-6137.261
-6143.635
-6142.651
-6141.451
-6140.171
-6142.655
-6134.481
-6138.31
-6168.626
-6148.062
-6139.519
-6138.057
-6136.473
-6147.88
-6134.688
-6145.53
-6141.874
-6142.352
-6140.13
-6137.466
-6150.544
-6136.748
-6140.516
-6137.4
-6143.3
-6186.6
-6140.945
-6135.382
-6138.092
-6139.934
-6150.643
-6137.29
-6145.605
-6140.125
-6144.949
-6140.276
-6145.56
-6137.657
-6151.22
-6136.962
-6143.347
-6180.365
-6157.559
-6164.248
-6140.415
-6142.406
-6147.565
-6138.766
-6159.254
-6140.213
-6136.192
-6145.485
-6138.074
-6143.441
-6136.387
-6157.948
-6140.423
-6142.66
-6159.309
-6132.489
-6132.13
-6143.721
-6134.163
-6140.951
-6134.639
-6143.199
-6141.811
-6157.056
-6152.928
-6136.524
-6142.609
-6158.2
-6160.262
-6147.829
-6132.406
-6137.833
-6141.153
-6138.707
-6148.782
-6138.559
-6134.358
-6143.106
-6144.336
-6134.482
-6143.01
-6135.697
-6157.148
-6137.409
-6146.2
-6140.872
-6180.673
-6153.257
-6138.21
-6136.761
-6142.602
-6138.134
-6145.835
-6140.028
-6140.27
-6133.86
-6144.256
-6151.302
-6179.702
-6141.756
-6140.206
-6152.365
-6144.547
-6147.184
-6136.235
-6149.909
-6138.703
-6141.917
-6133.7
-6139.127
-6139.204
-6143.526
-6137.898
-6138.741
-6141.01
-6140.813
-6139.677
-6134.357
-6152.73
-6141.205
-6138.698
-6134.108
-6141.505
-6139.536
-6143.224
-6162.729
-6143.107
-6153.001
-6139.257
-6136.239
-6153.404
-6148.436
-6155.413
-6141.368
-6140.439
-6141.082
-6133.061
-6156.836
-6143.621
-6141.956
-6136.954
-6137.24
-6137.755
-6136.284
-6147.131
-6152.482
-6141.561
-6149.004
-6140.103
-6165.198
-6148.479
-6142.89
-6141.521
-6174.607
-6152.34
-6140.314
-6152.403
-6136.658
-6139.352
-6142.754
-6140.936
-6140.341
-6156.95
-6151.273
-6147.039
-6149.496
-6150.026
-6153.965
-6139.753
-6145.433
-6143.538
-6143.417
-6149.452
-6143.618
-6146.073
-6146.174
-6142.784
-6151.186
-6138.31
-6163.251
-6143.992
-6135.513
-6149.76
-6134.557
-6141.322
-6141.491
-6164.519
-6134.451
-6144.389
-6138.645
-6164.251
-6143.869
-6143.139
-6141.793
-6140.868
-6146.765
-6140.605
-6137.513
-6136.647
-6133.066
-6144.053
-6137.064
-6140.975
-6137.745
-6147.378
-6145.665
-6136.54
-6139.839
-6135.688
-6138.638
-6141.541
-6135.522
-6136.704
-6139.043
-6142.136
-6137.956
-6140.797
-6139.823
-6146.567
-6142.825
-6140.169
-6144.587
-6142.894
-6144.837
-6159.519
-6148.065
-6141.867
-6140.329
-6144.756
-6138.613
-6148.097
-6137.707
-6137.019
-6135.647
-6147.859
-6144.769
-6145.894
-6145.841
-6143.16
-6140.614
-6135.548
-6137.687
-6143.398
-6140.11
-6153.187
-6146.259
-6147.962
-6138.111
-6165.114
-6143.411
-6141.414
-6142.687
-6152.574
-6140.993
-6147.033
-6140.651
-6141.781
-6140.739
-6145.058
-6143.284
-6144.979
-6142.856
-6143
-6141.889
-6148.876
-6141.437
-6144.261
-6152.66
-6140.309
-6152.022
-6150.777
-6143.015
-6149.269
-6139.976
-6144.58
-6140.264
-6151.876
-6163.101
-6144.373
-6142.831
-6141.746
-6136.764
-6153.409
-6135.431
-6143.571
-6152.313
-6139.655
-6144.383
-6139.706
-6135.694
-6135.811
-6144.975
-6143.016
-6144.004
-6133.819
-6147.884
-6160.276
-6140.175
-6139.677
-6163.762
-6143.881
-6139.236
-6139.884
-6135.335
-6144.87
-6140.996
-6139.162
-6157.883
-6141.209
-6137.77
-6150.818
-6142.133
-6139.396
-6149.045
-6151.411
-6154.918
-6134.582
-6143.432
-6136.76
-6146.15
-6150.051
-6136.023
-6140.099
-6133.142
-6146.603
-6160.197
-6144.455
-6146.64
-6140.715
-6137.266
-6138.106
-6171.052
-6139.489
-6145.831
-6150.634
-6148.363
-6154.971
-6144.585
-6147.869
-6134.926
-6155.565
-6160.946
-6140.971
-6137.616
-6133.526
-6141.22
-6152.612
-6138.873
-6144.453
-6139.758
-6144.247
-6137.319
-6158.653
-6145.588
-6163.497
-6143.759
-6140.486
-6140.373
-6137.768
-6140.56
-6136.725
-6145.706
-6133.408
-6143.037
-6150.911
-6149.355
-6145.448
-6146.437
-6146
-6134.245
-6143.482
-6136.027
-6146.006
-6140.737
-6151.579
-6145.114
-6143.457
-6134.758
-6150.812
-6136.354
-6141.042
-6146.428
-6189.225
-6160.727
-6137.663
-6165.545
-6152.116
-6169.756
-6147.135
-6139.666
-6136.095
-6145.246
-6144.467
-6152.71
-6137.368
-6142.669
-6158.186
-6157.457
-6152.003
-6135.375
-6154.977
-6152.208
-6139.316
-6141.793
-6150.512
-6149.735
-6147.749
-6139.072
-6153.089
-6139.939
-6154.236
-6134.223
-6141.891
-6158.413
-6147.291
-6136.116
-6142.87
-6138.531
-6146.821
-6139.162
-6142.223
-6139.735
-6143.761
-6140.105
-6140.318
-6140.275
-6139.62
-6149.977
-6150.051
-6151.21
-6145.672
-6147.118
-6142.663
-6140.045
-6136.861
-6150.26
-6144.198
-6163.29
-6141.458
-6140.224
-6133.683
-6135.946
-6141.539
-6136.245
-6143.554
-6138.497
-6168.244
-6139.419
-6137.145
-6136.252
-6141.52
-6156.879
-6138.715
-6144.928
-6144.376
-6139.63
-6144.701
-6141.123
-6152.904
-6138.843
-6135.974
-6144.172
-6141.129
-6151.721
-6144.209
-6149.495
-6141.992
-6147.781
-6139.279
-6138.197
-6142.206
-6155.346
-6147.116
-6139.893
-6134.262
-6139.085
-6148.763
-6140.188
-6134.846
-6133.814
-6135.659
-6136.758
-6140.439
-6139.834
-6151.179
-6134.262
-6141.893
-6164.618
-6151.067
-6135.515
-6160.445
-6139.373
-6145.2
-6138.578
-6137.273
-6138.168
-6164.27
-6149.106
-6140.625
-6161.948
-6146.419
-6138.872
-6147.171
-6136.043
-6140.885
-6133.668
-6158.469
-6140.751
-6133.091
-6134.667
-6135.942
-6140.633
-6140.676
-6138.63
-6131.593
-6141.873
-6141.274
-6136.746
-6139.329
-6159.252
-6139.259
-6151.529
-6135.395
-6136.556
-6143.296
-6139.952
-6137.133
-6146.584
-6133.748
-6133.932
-6135.878
-6131.747
-6145.291
-6138.007
-6135.913
-6134.144
-6138.759
-6143.062
-6138.811
-6142.128
-6182.289
-6152.664
-6134.013
-6142.955
-6136.127
-6133.532
-6135.445
-6142.716
-6136.575
-6141.513
-6133.748
-6142.794
-6137.724
-6146.277
-6139.826
-6133.644
-6134.19
-6143.86
-6135.233
-6138.444
-6143.68
-6136.801
-6135.923
-6135.232
-6131.495
-6143.472
-6144.098
-6135.456
-6137.112
-6142.821
-6137.56
-6141.826
-6136.11
-6133.062
-6139.241
-6141.807
-6137.893
-6135.65
-6148.202
-6141.182
-6143.991
-6134.37
-6132.156
-6141.207
-6143.963
-6151.942
-6137.704
-6135.455
-6142.974
-6135.934
-6132.37
-6150.493
-6148.526
-6154.572
-6160.874
-6141.388
-6144.059
-6146.028
-6139.247
-6143.359
-6152.045
-6136.323
-6132.581
-6137.425
-6139.769
-6146.478
-6159.421
-6139.518
-6149.775
-6145.578
-6137.721
-6151.72
-6133.849
-6146.139
-6135.956
-6141.412
-6141.25
-6152.871
-6141.745
-6141.943
-6136.654
-6148.844
-6138.269
-6136.492
-6147.773
-6146.869
-6137.098
-6145.67
-6135.791
-6144.453
-6152.219
-6139.473
-6139.208
-6142.575
-6140.245
-6158.226
-6135.678
-6147.966
-6140.323
-6134.035
-6144.76
-6152.329
-6143.308
-6139.581
-6146.73
-6134.416
-6145.752
-6137.975
-6140.982
-6138.88
-6136.388
-6147.984
-6141.48
-6144.718
-6143.23
-6144.161
-6139.548
-6145.196
-6142.882
-6150.677
-6135.971
-6143.851
-6189.388
-6139.039
-6141.14
-6144.669
-6139.625
-6137.38
-6135.711
-6138.617
-6146.856
-6133.083
-6144.262
-6144.872
-6138.764
-6143.978
-6137.659
-6140.295
-6133.016
-6139.795
-6138.436
-6145.151
-6142.337
-6139.573
-6162.794
-6138.739
-6134.821
-6145.453
-6162.583
-6134.478
-6138.675
-6143.209
-6146.144
-6164.424
-6137.472
-6143.789
-6150.125
-6139.224
-6138.885
-6135.869
-6144.644
-6139.285
-6151.113
-6146.687
-6139.419
-6146.515
-6132.05
-6135.129
-6138.047
-6136.374
-6140.497
-6139.46
-6146.377
-6144.612
-6141.984
-6146.724
-6147.541
-6139.113
-6147.272
-6150.42
-6134.1
-6154.733
-6139.483
-6135.375
-6134.951
-6138.245
-6145.706
-6137.469
-6142.833
-6140.332
-6168.791
-6148.541
-6138.062
-6135.506
-6140.142
-6142.056
-6148.853
-6140.703
-6133.117
-6135.619
-6142.336
-6139.979
-6137.839
-6140.103
-6150.763
-6143.807
-6136.55
-6153.66
-6147.858
-6144.934
-6139.792
-6145.882
-6135.882
-6156.967
-6138.214
-6157.408
-6139.319
-6191.907
-6144.527
-6139.855
-6145.735
-6143.138
-6138.451
-6140.851
-6148.694
-6152.374
-6146.168
-6135.374
-6171.356
-6136.549
-6144.651
-6144.268
-6150.96
-6140.524
-6141.092
-6151.532
-6136.695
-6144.018
-6160.776
-6136.812
-6149.835
-6150.923
-6146.451
-6140.749
-6142.538
-6159.978
-6143.606
-6151.179
-6166.462
-6142.889
-6139.426
-6139.389
-6142.546
-6139.483
-6149.726
-6134.723
-6148.724
-6141.656
-6139.072
-6134.504
-6176.508
-6143.701
-6132.207
-6133.519
-6139.989
-6136.399
-6140.413
-6150.823
-6137.737
-6134.416
-6134.067
-6134.688
-6139.488
-6148.868
-6152.927
-6138.279
-6140.337
-6135.838
-6147.75
-6135.993
-6153.734
-6139.533
-6131.9
-6134.731
-6138.43
-6135.715
-6134.609
-6144.801
-6138.693
-6149.585
-6131.696
-6140.103
-6136.848
-6138.711
-6134.129
-6137.155
-6136.773
-6143.598
-6138.772
-6138.632
-6136.462
-6143.992
-6138.464
-6143.653
-6146.776
-6135.345
-6132.986
-6141.587
-6144.999
-6141.75
-6147.31
-6148.376
-6149.739
-6132.298
-6137.219
-6137.97
-6130.862
-6135.575
-6144.088
-6165.541
-6149.856
-6149.113
-6137.777
-6141.845
-6138.25
-6154.227
-6134.555
-6147.477
-6140.397
-6138.022
-6131.87
-6142.418
-6137.851
-6136.408
-6140.874
-6131.836
-6140.434
-6140.56
-6132.868
-6136.492
-6139.542
-6139.512
-6141.937
-6134.942
-6143.374
-6134.892
-6147.458
-6139.606
-6145.471
-6136.267
-6151.585
-6139.838
-6133.738
-6135.256
-6146.05
-6131.37
-6153.178
-6142.454
-6147.176
-6144.91
-6134.197
-6147.035
-6137.358
-6139.351
-6134.295
-6134.906
-6146.212
-6138.242
-6132.744
-6142.247
-6132.045
-6145.733
-6136.957
-6135.48
-6134.798
-6148.766
-6133.067
-6131.838
-6138.843
-6136.799
-6154.768
-6134.957
-6141.517
-6158.89
-6134.794
-6142.393
-6134.323
-6135.968
-6138.507
-6135.03
-6139.122
-6151.823
-6142.962
-6137.167
-6140.063
-6135.938
-6136.317
-6142.612
-6132.346
-6138.558
-6134.295
-6137.043
-6147.441
-6156.469
-6139.759
-6140.575
-6141.029
-6138.694
-6150.984
-6138.345
-6145.581
-6149.997
-6140.152
-6139.764
-6156.786
-6152.517
-6153.799
-6158.836
-6147.02
-6141.735
-6145.05
-6149.077
-6143.3
-6151.436
-6144.701
-6148.773
-6145.181
-6146.811
-6150.467
-6147.118
-6151.58
-6152.923
-6157.499
-6144.081
-6142.571
-6150.434
-6150.193
-6146.9
-6146.068
-6153.479
-6154.558
-6144.949
-6151.626
-6140.337
-6138.984
-6144.894
-6148.288
-6159.914
-6151.28
-6148.048
-6135.938
-6143.005
-6145.049
-6148.727
-6155.551
-6141.963
-6154.621
-6137.02
-6137.422
-6144.686
-6140.208
-6140.659
-6169.934
-6136.765
-6151.476
-6147.939
-6150.318
-6159.563
-6139.167
-6144.34
-6149.202
-6155.137
-6146.53
-6141.332
-6145.467
-6157.087
-6139.457
-6137.747
-6143.299
-6155.165
-6142.719
-6137.303
-6139.765
-6144.247
-6166.108
-6146.501
-6147.319
-6145.721
-6144.226
-6147.283
-6143.31
-6148.37
-6147.305
-6146.155
-6141.995
-6142.419
-6144.151
-6138.706
-6144.332
-6150.023
-6144.423
-6160.39
-6148.824
-6149.375
-6136.586
-6153.547
-6145.91
-6146.1
-6140.676
-6143.015
-6158.398
-6148.225
-6133.73
-6146.583
-6153.121
-6140.858
-6141.618
-6142.67
-6139.408
-6138.081
-6141.627
-6148.133
-6143.407
-6141.209
-6136.833
-6140.92
-6156.983
-6163.495
-6147.704
-6149.916
-6144.937
-6139.892
-6154.12
-6141.668
-6158.992
-6150.301
-6135.239
-6133.439
-6140.455
-6137.206
-6138.25
-6135.242
-6135.07
-6140.421
-6134.934
-6140.24
-6141.899
-6140.389
-6135.011
-6137.025
-6147.881
-6136.888
-6135.859
-6141.052
-6158.339
-6134.724
-6135.741
-6141.625
-6141.32
-6144.072
-6144.446
-6134.283
-6143.894
-6136.36
-6141.871
-6135.32
-6138.441
-6136.058
-6138.078
-6141.628
-6135.895
-6139.496
-6140.989
-6137.191
-6147.815
-6143.188
-6134.529
-6150.104
-6134.045
-6179.676
-6146.129
-6140.037
-6147.571
-6141.378
-6139.817
-6147.553
-6134.688
-6145.478
-6142.261
-6139.465
-6151.92
-6162.82
-6139.663
-6145.565
-6142.41
-6137.907
-6145.381
-6155.438
-6140.453
-6138.216
-6141.375
-6141.583
-6140.894
-6158.143
-6142.055
-6141.961
-6141.2
-6144.889
-6154.094
-6148.613
-6138.184
-6157.573
-6140.212
-6153.337
-6139.931
-6136.806
-6151.659
-6148.735
-6134.567
-6136.39
-6154.388
-6137.413
-6190.383
-6141.491
-6143.876
-6136.65
-6145.182
-6134.521
-6137.423
-6146.109
-6143.337
-6146.554
-6140.792
-6139.047
-6140.669
-6143.739
-6138.072
-6139.2
-6135.077
-6141.39
-6153.852
-6145.464
-6152.145
-6141.634
-6140.784
-6150.804
-6137.307
-6149.653
-6138.461
-6144.107
-6142.422
-6142.362
-6154.7
-6142.961
-6139.715
-6136.557
-6134.847
-6135.584
-6154.93
-6147.6
-6141.981
-6139.979
-6138.721
-6157.046
-6141.576
-6141.893
-6139.793
-6139.409
-6151.529
-6146.377
-6143.919
-6143.139
-6144.407
-6139.18
-6133.147
-6134.387
-6140.688
-6155.564
-6148.73
-6140.175
-6141.902
-6135.878
-6145.097
-6134.526
-6144.236
-6139.456
-6146.294
-6149.117
-6138.529
-6140.274
-6141.226
-6132.419
-6143.264
-6151.304
-6142.618
-6135.113
-6141.732
-6141.704
-6170.309
-6136.929
-6140.323
-6132.365
-6141.361
-6134.664
-6136.721
-6142.514
-6136.361
-6143.023
-6149.169
-6147.493
-6149.247
-6143.914
-6167.337
-6134.56
-6140.081
-6137.074
-6139.137
-6133.081
-6140.507
-6149.632
-6135.055
-6192.52
-6142.892
-6138.595
-6143.136
-6139.722
-6148.838
-6136.738
-6137.734
-6137.507
-6136.431
-6136.851
-6143.477
-6143.222
-6153.565
-6140.379
-6172.779
-6143.366
-6170.978
-6136.902
-6137.818
-6143.32
-6142.525
-6140.399
-6136.51
-6135.995
-6139.091
-6146.758
-6131.273
-6142.605
-6136.573
-6134.04
-6147.572
-6133.604
-6146.423
-6133.423
-6142.266
-6140.884
-6151.866
-6138.177
-6142.724
-6138.275
-6134.467
-6136.592
-6144.246
-6135.396
-6142.789
-6141.298
-6142.088
-6147.459
-6143.765
-6141.826
-6149.959
-6139.119
-6138.554
-6134.185
-6141.253
-6140.482
-6133.636
-6141.544
-6146.426
-6142.834
-6145.25
-6142.916
-6147.813
-6142.252
-6137.946
-6157.23
-6137.81
-6134.765
-6134.722
-6149.76
-6148.335
-6137.748
-6136.713
-6143.522
-6158.454
-6140.546
-6140.04
-6144.173
-6143.763
-6147.117
-6145.165
-6130.767
-6141.808
-6132.038
-6133.675
-6133.095
-6138.949
-6141.609
-6143.992
-6136.988
-6136.82
-6137.891
-6136.416
-6141.124
-6131.232
-6132.091
-6144.338
-6165.943
-6134.219
-6142.241
-6134.575
-6136.86
-6138.982
-6136.56
-6133.047
-6146.22
-6133.838
-6150.471
-6138.961
-6134.15
-6137.43
-6142.262
-6138.119
-6142.378
-6143.928
-6138.705
-6150.897
-6152.025
-6134.479
-6135.803
-6138.593
-6145.285
-6137.354
-6134.883
-6136.297
-6134.557
-6140.302
-6137.706
-6134.246
-6133.786
-6136.048
-6155.04
-6139.724
-6143.939
-6138.942
-6137.505
-6149.894
-6137.958
-6137.081
-6146.243
-6136.382
-6135.343
-6138.947
-6145.213
-6134.324
-6141.743
-6142.931
-6137.703
-6142.777
-6132.137
-6134.671
-6140.49
-6173.584
-6142.325
-6133.051
-6133.594
-6141.367
-6135.211
-6136.671
-6139.216
-6132.8
-6161.283
-6136.198
-6132.898
-6135.977
-6145.116
-6141.387
-6137.044
-6146.343
-6131.837
-6133.672
-6145.794
-6145.481
-6133.853
-6136.94
-6140.752
-6141.913
-6155.919
-6140.427
-6141.749
-6138.51
-6138.682
-6135.545
-6136.252
-6134.936
-6132.066
-6169.175
-6148.612
-6145.798
-6158.3
-6132.065
-6137.077
-6137.747
-6140.747
-6136.717
-6135.431
-6139.524
-6136.361
-6135.308
-6140.735
-6136.776
-6139.946
-6147.882
-6147.236
-6138.533
-6131.4
-6143.408
-6145.942
-6145.773
-6142.813
-6138.78
-6131.807
-6141.221
-6144.504
-6141.703
-6142.642
-6137.577
-6136.454
-6143.032
-6135.291
-6133.327
-6134.022
-6146.193
-6138.965
-6150.266
-6141.468
-6142.663
-6144.371
-6143.907
-6150.049
-6157.36
-6142.638
-6148.151
-6143.663
-6149.532
-6132.636
-6145.293
-6169.291
-6140.99
-6153.3
-6135.784
-6137.521
-6140.064
-6136.975
-6131.935
-6155.963
-6139.217
-6137.333
-6152.214
-6136.47
-6137.073
-6137.156
-6163.284
-6150.554
-6133.096
-6140.549
-6178.934
-6138.59
-6134.412
-6156.912
-6143.916
-6135.895
-6143.408
-6141.68
-6144.267
-6158.809
-6136.519
-6143.475
-6152.649
-6149.53
-6145.476
-6150.646
-6145.459
-6138.58
-6135.444
-6144.772
-6146.386
-6144.42
-6158.019
-6144.435
-6149.108
-6165.753
-6134.383
-6150.165
-6137.24
-6145.278
-6142.843
-6137.368
-6164.556
-6150.39
-6138.262
-6148.891
-6149.678
-6141.695
-6154.737
-6141.01
-6141.272
-6148.157
-6151.137
-6135.079
-6139.415
-6145.439
-6142.151
-6154.069
-6165.638
-6144.167
-6136.752
-6141.847
-6142.616
-6145.465
-6139.388
-6142.084
-6147.137
-6137.283
-6169.018
-6140.496
-6143.765
-6135.595
-6137.163
-6146.491
-6140.5
-6150.137
-6145.534
-6145.606
-6144.721
-6138.651
-6138.963
-6145.543
-6138.217
-6138.648
-6140.101
-6135.403
-6133.369
-6141.68
-6144.053
-6142.333
-6160.332
-6133.345
-6138.843
-6134.477
-6135.65
-6140.919
-6140.687
-6138.644
-6135.307
-6146.547
-6142.057
-6140.196
-6147.291
-6174.096
-6146.235
-6133.567
-6144.666
-6143.084
-6140.519
-6140.782
-6139.713
-6138.031
-6137.014
-6140.496
-6145.663
-6141.738
-6147.72
-6144.916
-6141.443
-6136.742
-6146.682
-6140.67
-6141.84
-6139.991
-6150.837
-6142.241
-6152.805
-6142.701
-6133.954
-6136.773
-6149.41
-6146.474
-6173.801
-6143.123
-6140.197
-6143.854
-6136.362
-6137.859
-6135.697
-6137.165
-6137.563
-6149.204
-6140.279
-6146.515
-6153.589
-6134.504
-6142.806
-6136.68
-6133.266
-6139.353
-6149.142
-6137.458
-6138.77
-6147.346
-6136.236
-6140.606
-6150.049
-6143.666
-6159.262
-6136.614
-6136.28
-6148.124
-6142.22
-6136.223
-6145.496
-6133.569
-6149.158
-6133.588
-6142.624
-6137.157
-6133.972
-6136.21
-6141.302
-6139.147
-6143.306
-6139.177
-6138.253
-6140.023
-6142.759
-6135.742
-6147.345
-6141.643
-6141.845
-6142.64
-6139.808
-6137.511
-6147.827
-6133.961
-6142.82
-6142.185
-6153.929
-6132.557
-6132.658
-6143.471
-6145.315
-6146.029
-6158.788
-6135.713
-6139.064
-6136.482
-6143.64
-6153.722
-6133.396
-6150.401
-6136.387
-6141.068
-6146.987
-6136.258
-6156.967
-6151.997
-6139.438
-6144.488
-6147.202
-6134.969
-6140.506
-6158.073
-6138.9
-6147.312
-6137.089
-6138.925
-6140.085
-6142.434
-6134.082
-6134.316
-6137.645
-6140.189
-6139.469
-6143.182
-6141.338
-6140.389
-6135.903
-6138.92
-6145.107
-6149.856
-6152.589
-6145.625
-6141.407
-6148.452
-6141.634
-6137.193
-6134.838
-6142.82
-6172.206
-6140.16
-6148.769
-6145.211
-6142.887
-6154.376
-6132.855
-6138.219
-6132.923
-6139.287
-6137.754
-6150.442
-6136.951
-6133.922
-6135.626
-6140.923
-6152.325
-6134.078
-6141.359
-6140.804
-6136.908
-6164.189
-6146.916
-6137.361
-6146.295
-6135.214
-6159.248
-6137.486
-6141.017
-6135.591
-6137.301
-6138.158
-6161.388
-6145.867
-6161.393
-6142.266
-6152.516
-6155.459
-6145.477
-6141.597
-6147.177
-6141.6
-6149.168
-6137.482
-6148.858
-6145.532
-6141.63
-6152.113
-6151.072
-6137.63
-6169.6
-6148.073
-6148.934
-6143.052
-6142.154
-6153.418
-6142.661
-6144.94
-6144.209
-6142.57
-6140.766
-6147.718
-6146.093
-6152.09
-6142.873
-6136.629
-6147.432
-6143.083
-6139.727
-6139.38
-6142.887
-6140.717
-6144.358
-6145.878
-6145.431
-6140.567
-6146.991
-6145.93
-6138.842
-6137.355
-6142.71
-6150.424
-6150.874
-6138.61
-6166.86
-6167.929
-6162.829
-6146.397
-6144.025
-6140.119
-6143.614
-6148.33
-6150.265
-6156.159
-6142.771
-6148.136
-6143.077
-6142.017
-6139.604
-6166.45
-6154.468
-6162.504
-6139.632
-6142.218
-6137.752
-6160.411
-6159.719
-6157.036
-6145.791
-6154.901
-6151.373
-6138.994
-6160.252
-6149.677
-6149.44
-6143.483
-6141.796
-6144.52
-6145.969
-6140.579
-6150.324
-6153.702
-6154.471
-6151.524
-6146.145
-6152.493
-6145.864
-6144.716
-6146.176
-6141.469
-6143.631
-6150.475
-6152.889
-6141.511
-6146.969
-6145.903
-6142.866
-6143.057
-6154.738
-6149.919
-6156.053
-6138.919
-6183.402
-6141.161
-6136.864
-6139.139
-6143.311
-6145.32
-6139.074
-6141.565
-6141.835
-6140.091
-6152.64
-6146.378
-6155.426
-6147.534
-6153.519
-6144.884
-6143.416
-6143.675
-6138.133
-6143.093
-6141.503
-6145.643
-6159.27
-6141.726
-6143.052
-6147.042
-6146.412
-6147.463
-6137.9
-6142.867
-6140.164
-6138.965
-6143.678
-6147.043
-6144.242
-6146.078
-6162.502
-6149.571
-6156.199
-6153.194
-6153.855
-6151.757
-6140.132
-6148.993
-6142.08
-6145.123
-6139.89
-6140.378
-6156.189
-6153.045
-6143.608
-6145.309
-6143.765
-6142.841
-6141.008
-6160.753
-6142.353
-6144.586
-6159.371
-6144.747
-6155.296
-6141.022
-6146.058
-6142.296
-6143.644
-6144.706
-6166.552
-6148.968
-6156.919
-6150.298
-6142.699
-6139.97
-6151.841
-6149.591
-6147.421
-6149.003
-6145.58
-6146.235
-6163.612
-6145.706
-6155.605
-6151.499
-6147.149
-6150.171
-6147.679
-6139.183
-6142.481
-6162.864
-6140.843
-6144.596
-6143.491
-6139.413
-6149.08
-6143.832
-6150.497
-6141.549
-6146.939
-6144.257
-6148.744
-6144.05
-6145.827
-6156.817
-6143.407
-6143.013
-6148.505
-6153.837
-6153.834
-6157.883
-6145.313
-6152.997
-6150.734
-6143.889
-6148.483
-6150.475
-6148.485
-6146.621
-6157.876
-6159.338
-6154.99
-6160.912
-6196.79
-6163.648
-6156.363
-6154.013
-6142.204
-6153.625
-6152.274
-6149.075
-6150.547
-6149.945
-6164.6
-6145.747
-6149.629
-6147.903
-6142.405
-6154.941
-6170.976
-6149.286
-6164.958
-6144.674
-6156.151
-6153.158
-6157.159
-6143.07
-6145.968
-6150.95
-6160.026
-6154.383
-6153.393
-6157.614
-6142.936
-6148.839
-6150.125
-6154.209
-6144.571
-6147.686
-6150.105
-6145.163
-6157.353
-6153.976
-6155.434
-6157.356
-6146.391
-6175.661
-6153.117
-6143.493
-6154.396
-6149.457
-6150.682
-6150.267
-6160.141
-6153.826
-6163.607
-6161.48
-6144.472
-6144.802
-6153.391
-6154.984
-6144.295
-6154.385
-6148.832
-6150.326
-6149.624
-6152.332
-6175.149
-6144.19
-6147.688
-6149.424
-6151.949
-6147.698
-6157.079
-6146.064
-6147.681
-6152.857
-6144.094
-6151.893
-6141.893
-6154.605
-6154.65
-6148.805
-6149.96
-6147.282
-6155.752
-6156.689
-6151.624
-6165.447
-6160.536
-6150.626
-6152.373
-6145.967
-6147.211
-6149.04
-6158.519
-6158.455
-6142.925
-6143.005
-6148.801
-6200.694
-6143.515
-6143.793
-6144.287
-6142.973
-6151.866
-6156.554
-6148.701
-6161.868
-6144.098
-6152.883
-6154.58
-6142.266
-6152.589
-6144.266
-6153.382
-6156.426
-6148.322
-6152.158
-6144.263
-6164.345
-6151.253
-6154.851
-6156.116
-6157.731
-6160.611
-6146.25
-6147.946
-6149.747
-6171.124
-6150.599
-6151.043
-6163.164
-6149.839
-6177.217
-6152.166
-6141.058
-6143.361
-6145.676
-6150.707
-6152.195
-6144.982
-6161.343
-6155.733
-6145.19
-6157.991
-6161.422
-6148.93
-6153.317
-6171.349
-6145.99
-6149.094
-6149.044
-6150.563
-6168.811
-6144.915
-6147.201
-6150.744
-6145.635
-6149.757
-6149.764
-6146.402
-6156.111
-6142.888
-6160.433
-6147.055
-6151.229
-6142.765
-6141.483
-6141.034
-6139.605
-6139.502
-6142.809
-6144.019
-6138.045
-6156.971
-6144.315
-6144.087
-6141.428
-6143.356
-6149.703
-6148.407
-6140.689
-6143.244
-6142.832
-6158.866
-6144.686
-6147.758
-6164.758
-6149.859
-6143.406
-6142.578
-6145.509
-6138.734
-6142.881
-6151.906
-6141.973
-6152.041
-6162.523
-6143.616
-6162.452
-6140.623
-6147.843
-6144.01
-6146.553
-6138.387
-6146.889
-6154.13
-6149.119
-6148.519
-6157.563
-6180.109
-6143.99
-6148.726
-6152.774
-6145.167
-6147.205
-6146.373
-6143.312
-6144.814
-6143.88
-6136.691
-6148.088
-6166.355
-6142.572
-6137.846
-6140.945
-6137.354
-6145.456
-6151.506
-6151.809
-6141.419
-6152.58
-6143.489
-6149.695
-6143.552
-6144.226
-6137.466
-6139.413
-6143.631
-6156.403
-6155.281
-6145.013
-6147.168
-6140.459
-6144.194
-6160.618
-6148.672
-6156.613
-6152.16
-6144.889
-6137.918
-6145.391
-6142.549
-6143.54
-6185.824
-6143.425
-6139.54
-6141.928
-6148.495
-6156.372
-6142.917
-6140.437
-6145.246
-6161.758
-6146.429
-6191.478
-6156.793
-6157.425
-6149.482
-6140.592
-6149.405
-6138.302
-6147.553
-6170
-6142.978
-6149.552
-6140.497
-6148.175
-6146.647
-6175.524
-6154.318
-6140.387
-6142.276
-6148.472
-6139.291
-6142.957
-6146.212
-6141.521
-6138.181
-6145.528
-6142.585
-6148.682
-6144.092
-6143.319
-6142.777
-6140.445
-6148.986
-6169.292
-6142.428
-6143.766
-6163.52
-6134.669
-6137.264
-6136.913
-6145.374
-6138.844
-6140.821
-6143.141
-6161.303
-6155.984
-6142.342
-6141.741
-6165.785
-6143.375
-6160.018
-6138.195
-6148.341
-6143.239
-6137.061
-6142.345
-6139.991
-6142.689
-6147.833
-6137.633
-6141.195
-6144.916
-6142.118
-6141.288
-6138.36
-6137.546
-6141.447
-6139.322
-6151.508
-6137.524
-6147.802
-6139.732
-6133.475
-6139.348
-6145.521
-6138.349
-6147.187
-6142.695
-6135.748
-6149.784
-6139.214
-6134.589
-6165.876
-6142.513
-6142.304
-6141.718
-6147.105
-6136.657
-6145.601
-6139.477
-6145.015
-6135.878
-6139.742
-6138.045
-6142.092
-6139.742
-6138.489
-6138.177
-6142.239
-6141.153
-6150.37
-6153.519
-6144.128
-6147.574
-6157.189
-6136.216
-6136.836
-6134.175
-6136.022
-6141.18
-6152.496
-6144.661
-6147.898
-6141.21
-6141.225
-6139.39
-6166.729
-6148.56
-6165.791
-6136.68
-6150.875
-6136.714
-6142.873
-6144.323
-6163.503
-6147.246
-6147.832
-6142.877
-6145.354
-6142.134
-6137.65
-6137.913
-6140.648
-6138.578
-6160.568
-6153.356
-6140.258
-6138.895
-6146.842
-6144.099
-6146.948
-6150.944
-6138.103
-6134.694
-6155.44
-6138.116
-6147.217
-6141.392
-6142.61
-6137.255
-6143.653
-6143.187
-6141.934
-6135.207
-6141.997
-6137.526
-6143.725
-6148.527
-6141.18
-6148.394
-6137.481
-6136.404
-6136.879
-6140.724
-6146.031
-6136.794
-6145.419
-6144.476
-6135.848
-6135.748
-6148.028
-6142.358
-6136.583
-6137.54
-6152.39
-6147.437
-6139.647
-6144.386
-6144.832
-6137.508
-6156.868
-6162.266
-6150.101
-6178.982
-6151.798
-6138.461
-6138.477
-6155.4
-6146.769
-6149.307
-6148.331
-6138.015
-6145.698
-6143.222
-6139.614
-6143.216
-6195.284
-6194.447
-6219.33
-6154.744
-6168.696
-6138.907
-6145.374
-6137.542
-6146.263
-6143.161
-6155.185
-6151.253
-6160.143
-6150.979
-6142.645
-6144.132
-6140.989
-6138.377
-6140.231
-6138.93
-6143.937
-6165.146
-6144.993
-6146.85
-6144.045
-6159.758
-6157.825
-6167.617
-6156.859
-6149.308
-6140.668
-6157.573
-6146.422
-6140.241
-6143.17
-6143.51
-6138.059
-6155.068
-6139.038
-6159.757
-6140.391
-6152.186
-6146.098
-6138.035
-6140.82
-6150.701
-6145.247
-6146.207
-6141.822
-6146.193
-6141.717
-6148.297
-6151.968
-6147.79
-6151.932
-6142.081
-6153.153
-6139.837
-6149.016
-6177.405
-6158.406
-6156.707
-6157.388
-6156.373
-6149.415
-6143.41
-6145.945
-6149.269
-6178.278
-6142.931
-6162.409
-6143.987
-6147.182
-6145.663
-6150.729
-6174.053
-6145.989
-6143.39
-6171.051
-6150.958
-6156.262
-6146.967
-6148.185
-6149.346
-6141.54
-6138.036
-6140.173
-6136.561
-6138.364
-6150.045
-6142.048
-6141.966
-6138.237
-6143.535
-6142.984
-6146.623
-6140.53
-6143.996
-6143.606
-6152.256
-6153.803
-6139.047
-6143.28
-6145.756
-6155.587
-6145.23
-6160.664
-6141.573
-6149.692
-6167.719
-6147.039
-6154.035
-6145.985
-6150.568
-6146.22
-6146.834
-6147.583
-6140.596
-6148.462
-6142.986
-6137.367
-6138.027
-6153.623
-6142.865
-6140.776
-6141.802
-6148.716
-6145.429
-6158.476
-6138.684
-6138.785
-6154.526
-6137.904
-6155.414
-6163.04
-6139.144
-6139.26
-6138.187
-6144.262
-6156.923
-6140.736
-6148.304
-6143.989
-6140.709
-6140.721
-6140.004
-6142.983
-6158.392
-6141.17
-6145.041
-6144.007
-6145.538
-6139.495
-6177.243
-6136.633
-6138.319
-6144.998
-6141.502
-6144.688
-6150.043
-6148.56
-6140.743
-6174.393
-6137.928
-6139.395
-6138.826
-6142.862
-6173.026
-6147.776
-6151.154
-6150.615
-6156.962
-6157.974
-6161.813
-6145.512
-6147.709
-6153.885
-6142.608
-6157.783
-6147.109
-6153.984
-6140.965
-6150.793
-6143.367
-6180.972
-6149.151
-6145.972
-6153.311
-6145.326
-6167.376
-6142.486
-6140.572
-6143.339
-6176.183
-6192.913
-6178.196
-6148.926
-6171.441
-6145.745
-6164.319
-6141.216
-6150.426
-6157.68
-6144.692
-6146.741
-6142.523
-6144.054
-6141.537
-6154.476
-6163.21
-6167.158
-6158.871
-6136.522
-6147.389
-6139.257
-6141.422
-6144.231
-6140.461
-6150.255
-6138.81
-6139.844
-6139.731
-6152.563
-6144.775
-6140.225
-6141.929
-6148.793
-6148.975
-6144.833
-6146.901
-6147.847
-6142.011
-6140.36
-6150.557
-6166.398
-6150.959
-6166.159
-6138.255
-6137.591
-6137.19
-6139.143
-6149.292
-6154.025
-6138.394
-6139.257
-6140.15
-6147.548
-6139.576
-6143.322
-6149.127
-6139.121
-6141.215
-6141.352
-6144.584
-6142.896
-6148.659
-6136.56
-6151.199
-6156.958
-6150.356
-6178.701
-6142.89
-6144.863
-6139.555
-6141.182
-6152.443
-6182.945
-6158.582
-6147.246
-6138.742
-6144.734
-6146.309
-6142.443
-6144.285
-6144.11
-6137.41
-6143.466
-6137.57
-6141.02
-6146.653
-6139.977
-6143.376
-6161.73
-6149.42
-6143.112
-6143.358
-6139.412
-6139.981
-6152.359
-6145.871
-6149.867
-6138.918
-6143.965
-6193.302
-6157.544
-6144.706
-6142.067
-6146.696
-6148.517
-6169.362
-6141.139
-6142.511
-6147.172
-6134.159
-6135.224
-6155.101
-6137.793
-6138.033
-6137.493
-6144.239
-6146.386
-6140.811
-6138.037
-6135.258
-6144.064
-6140.058
-6141.333
-6139.41
-6140.163
-6147.969
-6135.719
-6140.183
-6145.347
-6140.149
-6141.701
-6134.997
-6142.239
-6136.949
-6137.44
-6138.192
-6142.902
-6141.112
-6137.253
-6153.015
-6141.161
-6135.888
-6140.166
-6149.738
-6140.592
-6141.437
-6140.61
-6136.596
-6139.846
-6146.878
-6142.595
-6142.023
-6146.575
-6143.448
-6141.3
-6140.567
-6148.116
-6142.664
-6138.442
-6163.706
-6137.831
-6136.146
-6161.039
-6139.308
-6150.787
-6149.526
-6161.438
-6145.207
-6139.426
-6138.196
-6139.633
-6153.757
-6156.242
-6150.942
-6144.091
-6146.057
-6136.669
-6143.708
-6169.19
-6144.434
-6144.75
-6147.1
-6136.81
-6158.908
-6154.304
-6142.731
-6139.523
-6148.249
-6133.426
-6142.059
-6159.133
-6143.541
-6148.168
-6137.226
-6137.925
-6149.59
-6140.926
-6137.643
-6144.748
-6140.643
-6148.111
-6145.193
-6137.32
-6136.708
-6138.44
-6142.063
-6163.252
-6136.308
-6136.422
-6145.383
-6141.723
-6147.744
-6138.842
-6146.581
-6163.951
-6157.753
-6150.598
-6141.81
-6160.059
-6155.292
-6141.084
-6136.966
-6141.303
-6143.91
-6145.233
-6136.265
-6141.946
-6163.172
-6143.061
-6148.16
-6140.339
-6141.523
-6145.812
-6139.305
-6135.352
-6139.616
-6140.742
-6145.941
-6138.462
-6139.841
-6145.208
-6140.828
-6151.051
-6167.114
-6138.256
-6148.062
-6147.631
-6147.785
-6157.681
-6139.412
-6147.842
-6170.082
-6159.467
-6144.471
-6140.94
-6157.028
-6139.393
-6142.526
-6140.908
-6142.329
-6147.01
-6140.47
-6150.628
-6140.512
-6147.503
-6144.048
-6148.139
-6154.869
-6140.306
-6145.715
-6165.374
-6158.523
-6138.476
-6137.784
-6145.222
-6141.308
-6143.667
-6164.089
-6143.532
-6155.53
-6142.254
-6148.357
-6143.041
-6147.801
-6138.41
-6138.539
-6135.149
-6142.405
-6138.888
-6140.012
-6154.202
-6139.434
-6153.177
-6146.636
-6142.173
-6137.734
-6141.72
-6136.573
-6140.697
-6150.699
-6147.976
-6158.223
-6140.249
-6134.518
-6143.214
-6139.163
-6140.428
-6153.746
-6142.731
-6138.323
-6151.353
-6133.757
-6136.944
-6147.638
-6169.627
-6144.429
-6135.251
-6136.155
-6142.802
-6175.571
-6150.58
-6149.604
-6147.719
-6137.206
-6144.199
-6146.601
-6144.609
-6138.973
-6147.725
-6147.785
-6136.49
-6142.522
-6138.807
-6142.718
-6145.494
-6143.231
-6141.898
-6147.095
-6149.158
-6140.023
-6138.669
-6141.265
-6142.001
-6140.159
-6142.802
-6143.259
-6152.045
-6134.428
-6135.869
-6143.917
-6148.037
-6143.171
-6146.326
-6145.796
-6152.057
-6140.849
-6136.75
-6141.249
-6140.879
-6142.275
-6140.11
-6145.309
-6146.548
-6144.157
-6156.176
-6151.91
-6153.63
-6164.551
-6140.47
-6133.014
-6144.189
-6200.703
-6138.047
-6131.528
-6146.469
-6136.865
-6141.422
-6133.382
-6135.489
-6136.443
-6143.269
-6138.78
-6133.903
-6134.075
-6139.632
-6137.822
-6145.146
-6141.456
-6131.152
-6135.759
-6132.534
-6147.412
-6142.964
-6147.526
-6134.783
-6136.857
-6140.449
-6141.569
-6141.54
-6135.335
-6157.465
-6134.725
-6136.134
-6134.051
-6134.559
-6138.177
-6139.963
-6137.098
-6146.167
-6135.843
-6138.271
-6139.143
-6137.183
-6148.764
-6134.846
-6135.47
-6139.668
-6133.864
-6139.613
-6139.665
-6141.551
-6134.282
-6134.156
-6143.669
-6135.863
-6142.633
-6136.586
-6138.525
-6136.421
-6141.3
-6140.936
-6140.347
-6137.775
-6135.979
-6144.42
-6136.254
-6138.877
-6132.178
-6138.978
-6149.396
-6142.018
-6138.238
-6140.475
-6150.085
-6136.64
-6141.398
-6135.92
-6140.993
-6145.623
-6137.842
-6142.198
-6157.297
-6144.928
-6145.635
-6136.938
-6132.416
-6133.368
-6141.915
-6148.16
-6132.901
-6150.133
-6136.602
-6133.317
-6137.793
-6140.495
-6145.796
-6134.036
-6151.923
-6141.459
-6139.445
-6135.337
-6134.737
-6136.229
-6145.736
-6147.412
-6144.94
-6145.952
-6139.097
-6139.62
-6150.672
-6144.155
-6152.002
-6149.577
-6147.326
-6166.276
-6136.497
-6160.367
-6162.768
-6141.618
-6144.612
-6154.641
-6150.657
-6146.36
-6145.776
-6143.54
-6155.967
-6135.297
-6145.396
-6146.854
-6148.131
-6138.086
-6138.507
-6142.906
-6139.057
-6156.603
-6140.419
-6157.913
-6134.032
-6139.938
-6139.495
-6149.017
-6140.501
-6150.59
-6149.025
-6136.145
-6140.807
-6142.961
-6141.708
-6137.653
-6136.629
-6139.857
-6139.687
-6151.44
-6140.394
-6142.577
-6147.252
-6147.024
-6138.725
-6141.571
-6134.929
-6138.74
-6150.131
-6136.049
-6141.723
-6152.312
-6167.601
-6153.243
-6142.394
-6136.297
-6149.818
-6165.169
-6141.13
-6137.69
-6138.512
-6149.15
-6143.144
-6146.91
-6140.813
-6137.726
-6139.152
-6138.338
-6136.279
-6136.23
-6168.962
-6136.328
-6142.009
-6135.511
-6143.037
-6146.756
-6154.605
-6140.68
-6149.732
-6146.66
-6134.298
-6141.056
-6143.045
-6141.243
-6138.9
-6141.305
-6135.134
-6137.937
-6185.418
-6135.867
-6153.175
-6136.757
-6142.344
-6142.79
-6147.544
-6138.254
-6138.703
-6142.37
-6133.857
-6139.848
-6136.338
-6150.135
-6137.846
-6146.097
-6146.182
-6153.667
-6134.137
-6138.439
-6139.492
-6141.702
-6133.502
-6137.701
-6132.818
-6134.218
-6136.402
-6150.29
-6133.947
-6155.4
-6138.505
-6137.03
-6138.273
-6145.389
-6132.732
-6138.71
-6142.799
-6145.747
-6138.78
-6138.161
-6143.814
-6139.395
-6133.776
-6140.217
-6161.796
-6139.279
-6136.157
-6142.423
-6155.778
-6140.316
-6137.425
-6161.462
-6151.076
-6141.897
-6145.933
-6142.138
-6152.364
-6139.215
-6139.85
-6140.463
-6137.32
-6150.251
-6142.794
-6151.75
-6167.755
-6153.103
-6164.534
-6140.361
-6137.005
-6136.519
-6143.916
-6166.657
-6137.04
-6143.616
-6137.96
-6154.075
-6152.113
-6143.158
-6137.123
-6146.27
-6142.411
-6139.691
-6142.315
-6148.589
-6149.039
-6137.854
-6147.131
-6169.361
-6141.012
-6148.519
-6138.801
-6147.187
-6139.985
-6149.292
-6155.876
-6146.363
-6138.553
-6148.528
-6138.43
-6141.444
-6157.051
-6170.601
-6138.483
-6150.79
-6168.283
-6154.976
-6147.526
-6138.745
-6149.86
-6140.304
-6139
-6143.872
-6141.18
-6140.772
-6144.222
-6144.366
-6153.122
-6142.201
-6144.964
-6144.007
-6148.836
-6146.904
-6150.451
-6149.987
-6153.203
-6140.813
-6142.649
-6161.603
-6146.127
-6156.965
-6160.057
-6153.767
-6158.354
-6142.177
-6143.862
-6152.758
-6143.229
-6148.695
-6152.276
-6173.747
-6152.414
-6164.837
-6141.472
-6140.545
-6145.591
-6163.771
-6169.118
-6146.989
-6144.451
-6152.647
-6149.119
-6150.944
-6141.873
-6151.334
-6153.637
-6141.692
-6165.133
-6147.047
-6143.376
-6150.234
-6149.574
-6138.205
-6150.366
-6139.255
-6140.768
-6147.894
-6149.987
-6156.235
-6139.883
-6149.5
-6148.421
-6141.636
-6148.931
-6144.517
-6141.657
-6151.207
-6145.256
-6146.207
-6146.247
-6161.614
-6147.997
-6141.933
-6140.028
-6150.297
-6166.636
-6146.301
-6137.983
-6176.225
-6148.236
-6183.826
-6138.724
-6144.623
-6156.095
-6140.85
-6155.91
-6160.73
-6152.64
-6169.443
-6139.929
-6143.824
-6143.502
-6145.999
-6152.1
-6144.269
-6145.558
-6138.487
-6149.805
-6143.466
-6141.07
-6146.861
-6144.335
-6138.213
-6140.8
-6145.707
-6149.007
-6146.4
-6153.711
-6142.783
-6150.492
-6139.984
-6138.504
-6141.031
-6142.685
-6148.482
-6158.981
-6149.331
-6153.205
-6156.964
-6144.448
-6137.221
-6139.098
-6139.215
-6145.278
-6145.348
-6145.72
-6146.746
-6153.736
-6153.505
-6165.569
-6140.144
-6148.888
-6140.82
-6147.116
-6137.129
-6145.333
-6139.601
-6138.998
-6142.521
-6148.975
-6143.53
-6148.327
-6137.616
-6146.018
-6159.372
-6146.313
-6139.226
-6143.939
-6145.614
-6153.689
-6141.59
-6141.707
-6159.017
-6150.415
-6140.667
-6136.74
-6137.425
-6161.569
-6139.223
-6141.028
-6159.293
-6141.771
-6136.984
-6144.539
-6140.567
-6168.486
-6138.168
-6145.997
-6143.399
-6138.005
-6153.272
-6168.807
-6157.751
-6146.997
-6142.787
-6145.168
-6146.412
-6143.041
-6140.525
-6150.273
-6136.642
-6163.46
-6161.965
-6146.182
-6152.912
-6148.977
-6139.039
-6149.862
-6140.302
-6175.378
-6166.286
-6141.696
-6150.067
-6139.333
-6155.838
-6142.287
-6159.012
-6145.544
-6152.668
-6146.198
-6148.476
-6137.283
-6144.203
-6156.1
-6141.551
-6139.31
-6157.918
-6142.568
-6169.653
-6141.874
-6140.052
-6148.911
-6142.379
-6144.366
-6142.344
-6140.219
-6169.499
-6140.472
-6158.979
-6171.025
-6134.577
-6137.626
-6147.217
-6140.008
-6138.9
-6143.417
-6142.893
-6140.007
-6174.583
-6146.264
-6141.184
-6137.93
-6140.088
-6145.793
-6168.233
-6136.968
-6137.471
-6178.131
-6141.603
-6139.331
-6137.863
-6139.767
-6144.062
-6149.713
-6136.66
-6144.389
-6145.178
-6134.218
-6140.593
-6137.997
-6165.949
-6177.553
-6143.516
-6145.676
-6133.234
-6139.266
-6141.381
-6142.689
-6164.161
-6163.386
-6144.665
-6135.455
-6143.121
-6149.253
-6135.407
-6145.044
-6140.051
-6140.761
-6143.774
-6144.76
-6150.854
-6141.189
-6143.422
-6136.569
-6157.113
-6137.062
-6141.639
-6135.203
-6133.777
-6131.717
-6139.374
-6135.26
-6134.814
-6137.708
-6138.851
-6140.694
-6137.912
-6136.463
-6141.526
-6135.124
-6150.848
-6135.491
-6138.924
-6138.126
-6146.273
-6146.576
-6135.637
-6135.088
-6139.435
-6140.426
-6143.228
-6138.005
-6151.393
-6143.701
-6155.685
-6139.582
-6139.346
-6146.135
-6137.42
-6137.895
-6157.343
-6139.628
-6151.29
-6155.039
-6140.054
-6135.657
-6137.716
-6133.332
-6136.77
-6138.848
-6136.937
-6135.705
-6138.333
-6132.718
-6140.158
-6132.624
-6132.742
-6157.795
-6140.171
-6137.562
-6141.399
-6133.868
-6136.008
-6137.196
-6136.773
-6147.771
-6136.124
-6149.597
-6142.608
-6134.311
-6141.597
-6136.759
-6151.002
-6141.4
-6143.736
-6135.182
-6135.483
-6138.875
-6138.026
-6145.469
-6138.037
-6153.026
-6137.457
-6137.898
-6136.956
-6137.623
-6140.495
-6176.879
-6134.009
-6142.746
-6141.391
-6142.428
-6135.169
-6135.457
-6134.347
-6146.09
-6149.861
-6159.84
-6136.465
-6149.932
-6146.984
-6131.596
-6139.45
-6136.035
-6131.309
-6141.648
-6134.54
-6145.525
-6138.027
-6146.03
-6140.632
-6140.084
-6140.187
-6139.011
-6133.111
-6149.805
-6133.508
-6141.855
-6137.125
-6136.613
-6139.475
-6145.833
-6139.238
-6135.982
-6138.934
-6134.511
-6136.607
-6137.523
-6134.88
-6138.863
-6134.424
-6153.744
-6137.627
-6149.147
-6165.116
-6136.986
-6136.57
-6141.875
-6141.672
-6132.395
-6145.107
-6142.986
-6133.359
-6140.274
-6139.073
-6139.545
-6133.85
-6136.041
-6134.611
-6139.322
-6147.238
-6137.98
-6136.949
-6141.418
-6140.838
-6134.061
-6131.518
-6132.845
-6142.377
-6151.549
-6141.407
-6148.954
-6135.667
-6137.301
-6137.242
-6133.163
-6146.888
-6138.526
-6134.721
-6148.993
-6151.232
-6140.183
-6142.09
-6139.47
-6140.601
-6140.291
-6135.216
-6141.496
-6138.477
-6135.088
-6143.082
-6133.164
-6146.795
-6138.972
-6143.079
-6162.653
-6137.003
-6137.936
-6138.568
-6155.185
-6135.949
-6142.409
-6137.031
-6158.512
-6148.074
-6135.33
-6140.779
-6150.513
-6134.175
-6145.492
-6135.044
-6141.519
-6137.251
-6134.323
-6137.653
-6144.239
-6148.794
-6149.823
-6139.987
-6146.925
-6152.517
-6154.745
-6138.562
-6155.53
-6138.707
-6148.986
-6140.849
-6135.12
-6142.496
-6138.264
-6136.919
-6137.265
-6202.742
-6140.703
-6140.744
-6136.767
-6136.14
-6142.627
-6144.702
-6147.109
-6137.936
-6132.419
-6143.233
-6152.943
-6140.615
-6141.893
-6138.078
-6140.83
-6138.458
-6149.402
-6138.85
-6135.998
-6143.353
-6149.04
-6139.496
-6141.445
-6135.845
-6139.008
-6136.441
-6148.619
-6138.334
-6146.786
-6147.564
-6138.469
-6139.49
-6137.096
-6165.847
-6153.832
-6133.78
-6149.221
-6139.922
-6149.996
-6135.364
-6134.37
-6141.502
-6148.203
-6139.191
-6153.975
-6133.866
-6140.221
-6135.706
-6140.721
-6139.545
-6151.793
-6138.657
-6135.81
-6142.116
-6136.919
-6145.351
-6141.035
-6141.053
-6137.285
-6140.33
-6144.109
-6144.315
-6136.998
-6143.289
-6150.559
-6137.38
-6136.63
-6135.698
-6143.112
-6144.216
-6136.786
-6134.085
-6140.026
-6144.179
-6147.056
-6137.052
-6143.433
-6141.889
-6134.734
-6137.955
-6136.179
-6136.895
-6134.723
-6133.567
-6136.864
-6138.682
-6137.48
-6144.541
-6145.537
-6135.396
-6144.527
-6138.631
-6148.541
-6150.58
-6150.048
-6152.212
-6139.776
-6141.67
-6164.27
-6163.12
-6133.92
-6141.397
-6138.853
-6132.749
-6158.52
-6132.812
-6139.677
-6137.606
-6136.891
-6138.078
-6166.965
-6150.841
-6132.698
-6143.692
-6138.533
-6150.036
-6142.424
-6137.212
-6136.812
-6142.783
-6147.068
-6148.576
-6144.344
-6146.307
-6142.444
-6153.614
-6143.702
-6135.024
-6136.36
-6137.918
-6138.883
-6160.181
-6141.956
-6141.491
-6134.61
-6154.279
-6141.96
-6140.359
-6146.479
-6142.993
-6144.497
-6136.288
-6143.968
-6139.24
-6148.239
-6145.393
-6147.941
-6144.166
-6146.344
-6136.572
-6151.305
-6137.7
-6139.957
-6132.3
-6132.735
-6134.145
-6137.048
-6140.342
-6132.803
-6133.529
-6142.803
-6152.064
-6136.611
-6136.029
-6135.881
-6143.209
-6141.084
-6148.935
-6139.784
-6136.87
-6154.105
-6152.257
-6137.364
-6150.636
-6148.462
-6139.178
-6135.494
-6154.906
-6161.876
-6136.145
-6135.789
-6132.793
-6144.347
-6145.253
-6144.921
-6137.564
-6140.625
-6139.465
-6136.247
-6142.265
-6143.194
-6132.617
-6135.949
-6133.451
-6141.321
-6134.338
-6137.701
-6149.367
-6139.852
-6142.359
-6133.415
-6147.223
-6142.077
-6146.659
-6135.883
-6135.037
-6145.239
-6137.733
-6149.854
-6136.065
-6139.741
-6150.443
-6141.49
-6137.219
-6138.392
-6152.496
-6138.51
-6139.668
-6140.705
-6136.689
-6137.883
-6149.686
-6141.733
-6138.686
-6137.369
-6133.017
-6137.793
-6139.847
-6141.258
-6136.289
-6139.544
-6136.303
-6142.493
-6132.6
-6142.368
-6140.868
-6147.698
-6134.833
-6139.031
-6135.373
-6133.87
-6145.534
-6137.204
-6138.799
-6148.021
-6144.578
-6147.626
-6136.96
-6154.295
-6154.78
-6145.686
-6142.362
-6139.149
-6146.694
-6139.554
-6137.917
-6138.842
-6135.687
-6137.023
-6138.184
-6141.27
-6151.679
-6146.375
-6147.05
-6147.856
-6143.144
-6133.382
-6139.215
-6139.911
-6143.407
-6139.956
-6144.751
-6149.609
-6141.428
-6133.674
-6141.684
-6157.319
-6133.96
-6134.078
-6139.691
-6155.761
-6144.737
-6139.996
-6142.799
-6145.133
-6137.171
-6151.049
-6136.456
-6142.22
-6140.886
-6147.77
-6138.43
-6158.766
-6153.113
-6150.432
-6153.644
-6133.792
-6133.567
-6147.402
-6134.658
-6149.955
-6136.682
-6169.714
-6150.944
-6141.692
-6134.413
-6137.448
-6146.088
-6140.147
-6156.977
-6161.653
-6141.579
-6137.547
-6156.608
-6142.332
-6140.183
-6137.958
-6159.504
-6138.448
-6133.011
-6142.614
-6148.167
-6144.069
-6141.423
-6135.504
-6149.563
-6140.996
-6136.187
-6149.607
-6133.854
-6135.943
-6138.911
-6137.424
-6143.787
-6142.964
-6143.691
-6143.007
-6143.21
-6144.513
-6155.238
-6140.371
-6135.99
-6150.633
-6144.841
-6144.651
-6153.753
-6148.757
-6146.169
-6141.583
-6147.333
-6140.267
-6140.617
-6136.124
-6141.576
-6151.803
-6147.116
-6138.742
-6141.487
-6137.151
-6136.079
-6139.582
-6139.011
-6141.815
-6152.998
-6149.631
-6140.827
-6153.109
-6132.6
-6133.845
-6135.252
-6136.696
-6136.843
-6138.302
-6147.756
-6147.361
-6144.709
-6142.423
-6137.638
-6137.215
-6136.803
-6137.587
-6135.592
-6140.734
-6170.288
-6133.585
-6138.092
-6134.941
-6147.127
-6136.091
-6139.608
-6134.897
-6150.56
-6154.657
-6138.304
-6138.611
-6143.603
-6137.244
-6133.994
-6141.906
-6142.369
-6140.565
-6149.452
-6141.026
-6144.173
-6139.732
-6137.276
-6136.469
-6133.664
-6141.108
-6141.634
-6135.26
-6137.828
-6149.888
-6150.359
-6140.655
-6138.846
-6145.072
-6142.305
-6136.424
-6140.77
-6143.362
-6139.902
-6135.121
-6137.36
-6139.592
-6140.21
-6144.477
-6135.553
-6135.493
-6145.041
-6139.613
-6137.466
-6139.748
-6134.693
-6142.781
-6139.486
-6151.364
-6138.063
-6136.657
-6152.976
-6165.124
-6139.255
-6138.925
-6134.927
-6156.206
-6141.261
-6141.184
-6135.873
-6138.832
-6147.373
-6132.359
-6137.584
-6139.047
-6142.63
-6189.073
-6138.028
-6133.024
-6153.104
-6144.293
-6136.46
-6136.605
-6136.438
-6161.457
-6147.812
-6138.153
-6142.412
-6143.75
-6140.279
-6133.26
-6141.266
-6149.741
-6134.331
-6140.761
-6137.395
-6139.152
-6143.237
-6139.12
-6148.281
-6152.002
-6148.222
-6164.472
-6138.565
-6138.846
-6157.024
-6165.341
-6146.549
-6153.454
-6159.39
-6139.146
-6139.992
-6143.135
-6153.888
-6131.646
-6138.357
-6137.582
-6132.32
-6146.6
-6134.205
-6134.208
-6140.791
-6134.656
-6135.885
-6134.97
-6139.777
-6143.977
-6142.68
-6156.994
-6137.881
-6148.065
-6135.514
-6142.214
-6140.19
-6134.776
-6136.538
-6143.748
-6141.45
-6136.196
-6141.901
-6136.827
-6139.724
-6134.375
-6144.223
-6137.251
-6142.658
-6159.951
-6148.717
-6135.724
-6154.064
-6137.721
-6143.835
-6150.976
-6143.836
-6141.944
-6137.812
-6161.664
-6142.111
-6140.302
-6138.437
-6135.991
-6138.057
-6147.329
-6140.677
-6134.949
-6134.327
-6145.253
-6136.843
-6136.945
-6136.375
-6143.681
-6140.215
-6142.524
-6134.562
-6149.55
-6136.038
-6137.259
-6137.373
-6140.44
-6149.556
-6148.059
-6137.967
-6150.619
-6169.27
-6143.032
-6141.364
-6142.074
-6160
-6142.304
-6144.332
-6139.944
-6144.448
-6138.963
-6140.282
-6161.022
-6153.871
-6143.808
-6136.527
-6149.389
-6145.292
-6143.224
-6178.214
-6140.072
-6171.988
-6167.137
-6136.403
-6144.624
-6133.333
-6136.5
-6143.868
-6146.494
-6136.394
-6139.348
-6136.116
-6135.542
-6146.428
-6137.478
-6147.006
-6150.662
-6137.718
-6137.176
-6138.092
-6134.072
-6135.866
-6139.71
-6139.024
-6139.331
-6140.135
-6137.379
-6141.507
-6147.018
-6160.752
-6140.58
-6135.218
-6136.64
-6138.263
-6144.419
-6160.674
-6134.941
-6157.07
-6141.735
-6134.007
-6136.182
-6135.14
-6143.786
-6142.886
-6144.887
-6143.521
-6133.356
-6142.437
-6136.035
-6137.848
-6153.623
-6137.33
-6146.57
-6136.267
-6133.31
-6143.172
-6133.608
-6134.934
-6143.303
-6164.628
-6150.461
-6141.26
-6142.24
-6137.436
-6140.204
-6137.44
-6157.311
-6147.053
-6157.456
-6147.071
-6137.471
-6150.15
-6154.334
-6149.959
-6161.965
-6157.615
-6144.545
-6142.45
-6139.77
-6138.317
-6137.972
-6144.179
-6140.563
-6146.582
-6134.772
-6134.343
-6146.706
-6139.777
-6162.349
-6150.088
-6141.843
-6142.771
-6134.526
-6136.606
-6136.764
-6147.954
-6146.926
-6137.049
-6149
-6138.135
-6136.121
-6149.564
-6161.618
-6146.151
-6138.534
-6150.921
-6148.022
-6160.852
-6148.719
-6156.329
-6143.811
-6145.64
-6144.637
-6141.613
-6144.841
-6139.266
-6146.301
-6137.988
-6163.853
-6139.493
-6146.513
-6138.545
-6143.008
-6151.569
-6136.06
-6143.577
-6148.967
-6139.512
-6137.213
-6144.304
-6158.838
-6160.57
-6147.467
-6153.2
-6150.19
-6145.078
-6148.746
-6138.713
-6155.434
-6146.951
-6141.081
-6189.213
-6148.804
-6142.981
-6148.859
-6150.091
-6152.173
-6138.475
-6143.081
-6163.3
-6152.759
-6139.591
-6144.05
-6151.226
-6136.635
-6140.201
-6152.812
-6145.03
-6144.619
-6137.204
-6156.752
-6139.621
-6148.245
-6144.473
-6141.977
-6151.268
-6135.302
-6151.457
-6142.471
-6143.646
-6149.179
-6145.752
-6145.255
-6138.183
-6154.155
-6139.327
-6148.211
-6141.695
-6135.251
-6137.68
-6136.09
-6133.842
-6147.604
-6156.948
-6166.921
-6137.612
-6147.748
-6139.905
-6144.945
-6138.587
-6140.904
-6151.074
-6143.973
-6140.824
-6141.427
-6162.465
-6142.722
-6141.628
-6151.936
-6136.8
-6146.601
-6136.072
-6140.359
-6145.603
-6144.772
-6156.955
-6145.275
-6148.062
-6148.638
-6138.936
-6156.228
-6179.908
-6141.475
-6142.554
-6142.321
-6136.707
-6146.801
-6147.317
-6139.859
-6145.974
-6138.115
-6169.694
-6147.265
-6142.59
-6152.716
-6138.096
-6139.879
-6142.518
-6138.716
-6136.047
-6143.839
-6150.345
-6138.959
-6139.465
-6145.092
-6147.372
-6143.537
-6152.194
-6140.543
-6154.211
-6131.647
-6136.514
-6137.638
-6154.336
-6140.699
-6134.159
-6135.449
-6134.563
-6134.615
-6142.048
-6153.502
-6140.779
-6139.535
-6135.473
-6163.072
-6139.052
-6155.709
-6137.97
-6140.591
-6170.086
-6151.006
-6152.575
-6139.397
-6163.241
-6142.723
-6149.208
-6140.356
-6148.42
-6140.938
-6136.058
-6143.276
-6155.284
-6144.297
-6144.33
-6133.159
-6144.887
-6136.893
-6139.096
-6136.305
-6139.296
-6133.674
-6145.885
-6145.927
-6148.956
-6150.328
-6136.265
-6139.727
-6141.05
-6144.855
-6142.732
-6133.323
-6140.891
-6136.583
-6139.988
-6139.687
-6147.938
-6134.41
-6158.298
-6148.461
-6142.891
-6134.966
-6161.585
-6142.178
-6147.129
-6152.875
-6134.757
-6145.421
-6138.514
-6136
-6160.283
-6134.76
-6133.356
-6140.101
-6135.715
-6139.154
-6141.702
-6140.065
-6138.377
-6138.83
-6135.798
-6141.226
-6153.183
-6153.801
-6137.082
-6137.556
-6152.269
-6135.691
-6135.973
-6135.95
-6141.489
-6147.964
-6156.447
-6141.627
-6136.004
-6139.233
-6144.525
-6137.066
-6135.051
-6138.249
-6137.814
-6144.005
-6144.085
-6134.012
-6144.812
-6135.847
-6132.232
-6144.492
-6135.401
-6147.791
-6147.519
-6141.116
-6133.424
-6173.639
-6139.59
-6156.388
-6134.189
-6140.531
-6142.52
-6133.299
-6168.504
-6146.293
-6141.119
-6144.574
-6137.098
-6134.168
-6144.448
-6152.403
-6150.914
-6155.77
-6140.196
-6143.154
-6152.158
-6140.39
-6136.382
-6142.841
-6143.032
-6152.209
-6143.033
-6140.906
-6138.726
-6146.839
-6138.504
-6158.531
-6139.408
-6135.754
-6153.883
-6134.856
-6138.923
-6142.743
-6140.129
-6151.274
-6140.657
-6140.409
-6140.769
-6153.476
-6146.63
-6143.034
-6140.979
-6145.439
-6146.578
-6143.706
-6145.984
-6136.696
-6142.035
-6145.805
-6146.007
-6141.156
-6141.065
-6169.812
-6139.997
-6153.615
-6146.582
-6166.321
-6166.507
-6142.433
-6148.5
-6138.685
-6155.807
-6148.632
-6146.918
-6143.062
-6148.662
-6166.151
-6140.37
-6161.166
-6155.789
-6141.148
-6148.408
-6148.385
-6153.509
-6153.466
-6147.438
-6152.935
-6155.044
-6138.956
-6139.557
-6145.402
-6138.803
-6149.826
-6150.683
-6146.191
-6161.04
-6141.176
-6158.332
-6144.433
-6142.356
-6146.023
-6138.507
-6157.42
-6139.155
-6144.97
-6150.958
-6143.341
-6222.877
-6147.278
-6160.474
-6138.14
-6150.493
-6150.613
-6140.425
-6141.139
-6137.24
-6136.001
-6136.821
-6144.425
-6143.358
-6143.647
-6138.201
-6178.696
-6140.683
-6160.096
-6149.208
-6141.832
-6162.347
-6155.159
-6135.885
-6153.75
-6156.669
-6147.102
-6140.244
-6147.339
-6141.21
-6136.496
-6139.456
-6140.506
-6155.422
-6145.633
-6135.625
-6152.848
-6161.452
-6151.034
-6149.543
-6145.554
-6137.139
-6135.306
-6151.43
-6153.996
-6149.019
-6163.04
-6135.486
-6157.239
-6137.385
-6137.21
-6153.51
-6136.498
-6144.27
-6141.054
-6151.769
-6145.828
-6138.178
-6145.27
-6140.641
-6152.913
-6140.946
-6136.876
-6141.885
-6161.768
-6162.409
-6142.484
-6146.404
-6135.846
-6147.115
-6162.23
-6143.661
-6147.375
-6144.342
-6141.5
-6138.283
-6159.514
-6138.122
-6150.604
-6138.277
-6146.05
-6133.758
-6140.522
-6141.321
-6167.035
-6145.004
-6142.103
-6143.497
-6139.763
-6137.796
-6133.122
-6138.37
-6133.866
-6138.965
-6135.309
-6153.677
-6142.616
-6143.344
-6138.312
-6148.644
-6139.342
-6138.596
-6135.396
-6142.109
-6137.028
-6136.767
-6136.225
-6137.492
-6135.741
-6145.12
-6144.49
-6136.422
-6136.6
-6141.234
-6148.092
-6141.96
-6136.791
-6138.764
-6144.873
-6135.067
-6141.711
-6136.532
-6138.733
-6142.637
-6154.649
-6143.577
-6139.003
-6136.315
-6137.443
-6139.784
-6145.277
-6133.318
-6133.385
-6140.199
-6148.832
-6138.902
-6150.644
-6143.024
-6135
-6150.132
-6154.556
-6143.414
-6141.981
-6138.845
-6149.116
-6144.098
-6137.874
-6145.121
-6132.622
-6133.979
-6148.062
-6141.887
-6137.795
-6133.377
-6142.418
-6144.097
-6131.361
-6139.656
-6153.906
-6143.797
-6140.126
-6139.499
-6139.527
-6138.114
-6137.455
-6143.934
-6139.287
-6135.682
-6138.456
-6142.001
-6153.074
-6141.314
-6144.179
-6134.188
-6136.656
-6137.175
-6142.28
-6150.433
-6141.34
-6134.035
-6150.169
-6143.763
-6136.248
-6151.614
-6153.578
-6141.914
-6147.035
-6136.061
-6134.303
-6145.485
-6134.942
-6133.592
-6155.251
-6133.504
-6139.139
-6134.274
-6142.93
-6135.361
-6136.406
-6135.069
-6142.36
-6139.746
-6139.581
-6143.576
-6146.119
-6136.04
-6148.838
-6147.762
-6149.181
-6139.008
-6168.969
-6148.308
-6142.313
-6142.061
-6175.029
-6137.483
-6146.593
-6141.855
-6139.991
-6157.43
-6144.188
-6140.768
-6143.116
-6147.933
-6141.936
-6145.818
-6141.32
-6140.497
-6151.742
-6154.681
-6141.292
-6142.643
-6143.689
-6137.744
-6153.204
-6147.829
-6165.509
-6144.464
-6153.575
-6154.773
-6137.803
-6154.872
-6140.755
-6166.149
-6151.458
-6141.794
-6150.421
-6138.684
-6143.952
-6147.905
-6140.526
-6138.881
-6146.658
-6143.372
-6148.712
-6146.9
-6139.898
-6144.459
-6147.515
-6158.886
-6175.376
-6154.513
-6146.557
-6146.848
-6144.129
-6151.473
-6146.38
-6151.918
-6167.459
-6143.863
-6152.807
-6149.413
-6148.341
-6159.741
-6150.403
-6150.955
-6149.319
-6157.235
-6158.576
-6155.226
-6153.805
-6145.706
-6150.928
-6148.467
-6162.345
-6158.28
-6155.794
-6162.466
-6148.456
-6154.18
-6148.179
-6164.848
-6148.7
-6144.554
-6163.546
-6154.192
-6147.923
-6148.049
-6161.768
-6160.499
-6184.459
-6142.968
-6138.851
-6138.68
-6139.733
-6139.896
-6141.502
-6144.242
-6150.02
-6144.378
-6140.656
-6142.632
-6146.083
-6147.585
-6147.814
-6145.42
-6149.335
-6138.519
-6152.653
-6152.733
-6138.657
-6149.267
-6143.892
-6145.738
-6145.686
-6142.258
-6138.479
-6147.386
-6147.637
-6134.935
-6140.412
-6134.732
-6153.914
-6135.42
-6159.193
-6157.397
-6140.023
-6140.307
-6147.825
-6146.453
-6137.238
-6141.18
-6141.365
-6177.521
-6138.725
-6133.746
-6135.764
-6141.362
-6140.659
-6154.052
-6138.407
-6140.242
-6137.766
-6154.733
-6138.556
-6147.604
-6151.041
-6139.423
-6149.458
-6145.476
-6152.868
-6146.406
-6151.697
-6155.878
-6147.056
-6148.392
-6145.908
-6138.669
-6158.92
-6152.453
-6145.888
-6137.844
-6139.343
-6175.882
-6145.519
-6137.673
-6140.222
-6145.098
-6149.649
-6149.12
-6157.437
-6155.891
-6143.04
-6138.871
-6157.44
-6140.978
-6163.002
-6139.65
-6150.992
-6138.78
-6141.331
-6151.471
-6141.273
-6140.249
-6142.219
-6139.859
-6146.295
-6139.919
-6158.235
-6147.105
-6162.2
-6140.386
-6148.598
-6158.667
-6156.46
-6143.952
-6143.249
-6163.337
-6136.658
-6142.009
-6142.623
-6141.828
-6146.216
-6171.198
-6147.837
-6140.417
-6144.954
-6148.833
-6162.685
-6151.334
-6152.879
-6136.356
-6144.824
-6142.518
-6138.467
-6133.546
-6138.547
-6150.656
-6145.278
-6133.968
-6146.436
-6137.445
-6132.783
-6150.921
-6137.358
-6151.32
-6140.389
-6143.957
-6136.414
-6137.487
-6145.273
-6136.543
-6135.722
-6136.435
-6139.172
-6151.779
-6133.222
-6135.354
-6151.438
-6143.941
-6155.994
-6158.808
-6135.819
-6140.798
-6142.225
-6156.347
-6147.807
-6139.414
-6140.449
-6141.797
-6133.695
-6138.739
-6147.956
-6141.162
-6135.054
-6134.88
-6142.221
-6134.088
-6148.947
-6145.811
-6137.348
-6131.772
-6137.872
-6136.315
-6131.874
-6132.767
-6142.479
-6147.03
-6143.793
-6136.421
-6137.003
-6138.877
-6143.845
-6135.872
-6133.049
-6135.953
-6146.194
-6137.655
-6140.372
-6147.143
-6136.622
-6139.661
-6149.453
-6137.477
-6137.065
-6138.864
-6141.615
-6159.584
-6148.794
-6141.977
-6140.85
-6146.251
-6140.693
-6158.956
-6141.564
-6136.754
-6134.521
-6174.775
-6141.888
