-8176.087
-8081.675
-8218.023
-8086.314
-8071.038
-7980.77
-7985.294
-8050.556
-8007.919
-7956.97
-7896.387
-7642.522
-7560.494
-7549.054
-7405.918
-7382.23
-7529.503
-7410.372
-7566.186
-7402.221
-7538.184
-7343.129
-7353.641
-7269.465
-7148.741
-7184.692
-7268.011
-7099.44
-7147.244
-7218.234
-7117.568
-7112.877
-7215.087
-7004.826
-7132.831
-6954.131
-6965.773
-7032.679
-6946.1
-6973.015
-6872.617
-6835.102
-6829.914
-6879.041
-6854.611
-6812.843
-6783.312
-6765.004
-6762.224
-6777.479
-6808.885
-6786.598
-6774.032
-6762.055
-6750.671
-6775.266
-6824.3
-6753.016
-6754.384
-6774.996
-6764.91
-6771.311
-6781.15
-6797.867
-6823.32
-6741.107
-6803.711
-6754.183
-6749.38
-6774.124
-6768.615
-6779.173
-6770.583
-6794.377
-6726.128
-6774.092
-6763.49
-6756.93
-6755.634
-6735.218
-6701.276
-6723.25
-6666.648
-6653.725
-6606.296
-6624.894
-6598.754
-6575.463
-6625.689
-6560.2
-6562.883
-6564.527
-6593.094
-6569.819
-6535.419
-6572.757
-6569.484
-6525.48
-6514.649
-6547.32
-6535.054
-6503.898
-6488.408
-6491.34
-6506.375
-6523.629
-6479.275
-6509.183
-6472.299
-6457.934
-6481.579
-6505.246
-6503.411
-6456.453
-6446.862
-6436.233
-6414.799
-6431.219
-6400.257
-6429.067
-6379.672
-6383.466
-6394.545
-6378.421
-6390.126
-6391.81
-6375.515
-6357.836
-6360.038
-6361.484
-6367.605
-6362.125
-6351.06
-6355.026
-6362.875
-6371.123
-6348.311
-6359.689
-6369.981
-6340.644
-6363.204
-6347.56
-6351.795
-6343.721
-6346.227
-6329.991
-6342.658
-6323.916
-6318.46
-6327.82
-6318.127
-6303.557
-6328.386
-6299.391
-6298.721
-6295.71
-6290.988
-6308.252
-6307.214
-6307.924
-6312.642
-6304.844
-6323.261
-6307.201
-6290.242
-6291.229
-6296.319
-6294.678
-6310.065
-6288.795
-6289.003
-6285.161
-6281.158
-6288.679
-6292.329
-6284.106
-6284.605
-6298.758
-6301.002
-6275.774
-6274.663
-6277.957
-6314.755
-6289.464
-6280.327
-6265.752
-6272.624
-6282.209
-6280.689
-6278.483
-6269.109
-6257.589
-6274.726
-6255.465
-6271.146
-6245.753
-6252.166
-6255.475
-6251.882
-6247.988
-6236.055
-6263.698
-6241.445
-6254.776
-6239.84
-6237.803
-6235.212
-6231.254
-6239.679
-6244.976
-6243.811
-6254.73
-6231.957
-6253.844
-6234.519
-6237.307
-6244.166
-6235.171
-6243.32
-6247.738
-6230.122
-6236.806
-6234.118
-6242.001
-6231.283
-6243.957
-6224.48
-6245.845
-6232.203
-6229.326
-6239.127
-6230.035
-6233.146
-6232.308
-6253.188
-6216.807
-6236.158
-6227.423
-6234.866
-6223.79
-6221.682
-6214.361
-6218.706
-6213.403
-6205.28
-6213.59
-6236.023
-6216.8
-6207.019
-6199.847
-6204.076
-6225.131
-6204.999
-6201.775
-6211.153
-6202.266
-6203.52
-6247.218
-6198.231
-6202.04
-6214.861
-6210.518
-6193.398
-6206.687
-6196.126
-6193.547
-6205.303
-6175.425
-6196.82
-6166.701
-6176.775
-6170.059
-6175.589
-6159.267
-6175.246
-6162.297
-6164.984
-6162.85
-6167.321
-6166.065
-6166.567
-6165.464
-6174.267
-6170.033
-6164.928
-6183.561
-6168.721
-6198.216
-6174.92
-6168.459
-6171.454
-6166.668
-6163.194
-6169.307
-6163.332
-6168.55
-6163.725
-6167.267
-6157.097
-6169.855
-6175.009
-6173.49
-6168.907
-6168.949
-6166.779
-6167.678
-6164.931
-6160.744
-6173.703
-6172.623
-6163.921
-6162.796
-6166.651
-6160.907
-6165.48
-6156.808
-6157.191
-6160.281
-6153.795
-6150.553
-6155.857
-6161.191
-6160.755
-6155.17
-6142.884
-6152.383
-6148.21
-6146.462
-6144.602
-6148.647
-6146.614
-6148.639
-6152.698
-6145.743
-6148.781
-6151.618
-6140.577
-6159.895
-6147.159
-6146.444
-6151.87
-6148.442
-6146.695
-6153.392
-6142.853
-6136.144
-6142.518
-6149.284
-6158.353
-6138.265
-6145.402
-6155.687
-6159.001
-6145.126
-6147.507
-6143.374
-6166.383
-6137.786
-6137.841
-6138.355
-6146.096
-6139.954
-6136.883
-6149.289
-6144.86
-6136.44
-6148.461
-6136.287
-6138.036
-6136.941
-6152.196
-6142.216
-6138.738
-6146.999
-6146.174
-6148.855
-6142.349
-6144.598
-6150.4
-6168.457
-6137.568
-6141.61
-6141.236
-6135.072
-6148.024
-6138.567
-6133.977
-6142.436
-6135.256
-6138.694
-6133.423
-6135.45
-6134.917
-6140.745
-6144.39
-6132.328
-6142.387
-6148.197
-6148.574
-6138.624
-6138.61
-6134.056
-6153.73
-6137.468
-6132.816
-6167.027
-6139.647
-6144.747
-6142.425
-6144.662
-6148.933
-6133.491
-6139.188
-6149.392
-6137.018
-6136.847
-6137.539
-6140.064
-6136.516
-6138.596
-6138.39
-6134.669
-6140.767
-6147.605
-6140.321
-6145.214
-6145.484
-6136.992
-6133.021
-6146.194
-6136.205
-6140.555
-6140.565
-6152.315
-6173.122
-6154.915
-6142.498
-6136.119
-6150.239
-6145.58
-6140.891
-6162.193
-6135.593
-6153.37
-6164.592
-6139.781
-6142.289
-6136.858
-6151.364
-6139.13
-6137.471
-6144.652
-6140.056
-6148.121
-6134.502
-6144.447
-6138.596
-6177.986
-6139.875
-6142.881
-6140.205
-6135.541
-6138.384
-6148.064
-6142.936
-6146.911
-6140.91
-6144.992
-6131.878
-6141.34
-6154.627
-6136.669
-6135.11
-6143.494
-6133.209
-6140.887
-6140.346
-6133.441
-6136.001
-6149.894
-6132.089
-6141.366
-6135.746
-6134.732
-6153.657
-6135.409
-6154.957
-6140.462
-6136.925
-6143.963
-6148.473
-6134.673
-6160.302
-6133.566
-6146.743
-6134.151
-6143.724
-6145.718
-6136.436
-6137.649
-6137.342
-6134.915
-6162.26
-6135.071
-6133.615
-6134.616
-6139.908
-6134.553
-6153.6
-6137.738
-6149.73
-6147.562
-6136.908
-6146.053
-6142.933
-6161.158
-6144.076
-6150.921
-6154.641
-6141.571
-6175.083
-6142.864
-6150.818
-6138.125
-6143.944
-6140.459
-6154.94
-6143.27
-6143.497
-6139.969
-6148.989
-6135.937
-6136.696
-6149.584
-6142.692
-6158.348
-6139.967
-6135.005
-6134.601
-6133.884
-6143.796
-6137.831
-6138.076
-6141.965
-6136.702
-6143.475
-6135.871
-6143.597
-6139.735
-6145.962
-6141.54
-6142.487
-6154.357
-6170.129
-6134.919
-6139.001
-6143.331
-6138.399
-6137.494
-6158.456
-6132.913
-6140.334
-6150.64
-6147.964
-6142.995
-6133.788
-6143.956
-6136.63
-6134.236
-6135.89
-6144.165
-6144.216
-6143.968
-6139.972
-6141.28
-6135.248
-6137.213
-6154.634
-6136.646
-6134.094
-6149.876
-6136.925
-6139.43
-6140.671
-6185.132
-6138.958
-6147.9
-6143.586
-6131.138
-6134.834
-6146.022
-6139.375
-6138.885
-6138.342
-6135.1
-6139.63
-6138.709
-6133.288
-6135.368
-6148.896
-6135.683
-6150.636
-6139.833
-6135.485
-6136.264
-6140.53
-6136.283
-6140.89
-6142.301
-6142.231
-6141.129
-6136.993
-6136.31
-6142.494
-6139.147
-6169.628
-6143.119
-6135.55
-6134.29
-6173.34
-6131.223
-6142.684
-6133.557
-6141.341
-6138.805
-6137.425
-6137.954
-6135.989
-6151.342
-6131.551
-6140.244
-6132.191
-6138.349
-6132.758
-6135.796
-6136.381
-6147.69
-6159.7
-6142.016
-6140.905
-6159.948
-6141.884
-6143.632
-6146.26
-6144.111
-6141.614
-6138.25
-6160.278
-6171.78
-6135.765
-6133.682
-6144.597
-6146.669
-6151.553
-6139.113
-6146.539
-6148.319
-6135.912
-6138.735
-6138.753
-6169.487
-6148.595
-6131.876
-6144.437
-6145.524
-6141.863
-6143.824
-6146.579
-6136.942
-6144.813
-6133.267
-6147.501
-6136.394
-6140.977
-6141.69
-6145.852
-6153.087
-6136.655
-6154.61
-6146.432
-6142.995
-6136.015
-6136.421
-6141.13
-6137.411
-6140.887
-6135.972
-6135.946
-6135.886
-6137.645
-6138.063
-6140.322
-6139.353
-6147.87
-6134.529
-6138.067
-6137.154
-6137.792
-6137.71
-6134.483
-6139.341
-6142.064
-6137.144
-6144.291
-6139.576
-6137.338
-6137.255
-6151.083
-6140.06
-6135.498
-6134.222
-6136.138
-6138.616
-6144.308
-6141.853
-6133.572
-6132.755
-6142.024
-6131.27
-6139.017
-6140.732
-6180.875
-6145.843
-6143.023
-6140.768
-6139.437
-6136.155
-6139.773
-6138.886
-6155.478
-6141.247
-6134.675
-6140.294
-6141.394
-6133.444
-6151.957
-6138.059
-6136.001
-6137.138
-6134.619
-6143.68
-6140.686
-6136.784
-6143.647
-6135.418
-6133.552
-6156.591
-6134.903
-6134.485
-6142.03
-6132.205
-6132.397
-6146.434
-6141.307
-6144.639
-6138.798
-6138.149
-6145.104
-6136.405
-6133.446
-6136.734
-6165.947
-6130.883
-6135.119
-6142.641
-6144.832
-6135.41
-6163.381
-6140.086
-6133.883
-6136.798
-6138.567
-6143.691
-6132.317
-6134.341
-6132.937
-6148.383
-6139.509
-6149.197
-6149.268
-6133.837
-6137.031
-6138.359
-6143.14
-6184.305
-6133.676
-6158.689
-6151.6
-6140.171
-6159.758
-6138.71
-6159.188
-6143.359
-6132.521
-6147.447
-6137.593
-6137.138
-6138.903
-6138.467
-6142.962
-6135.835
-6137.564
-6135.936
-6145.73
-6143.815
-6136.019
-6138.525
-6145.835
-6140.615
-6150.773
-6138.679
-6135.174
-6143.615
-6134.465
-6141.83
-6136.564
-6140.953
-6134.877
-6137.68
-6157.875
-6137.227
-6136.682
-6155.403
-6138.993
-6133.497
-6138.884
-6140.59
-6139.573
-6132.446
-6133.641
-6134.945
-6137.705
-6144.255
-6143.187
-6139.939
-6148.513
-6153.345
-6152.406
-6132.12
-6142.099
-6138.42
-6135.291
-6138.554
-6150.757
-6154.328
-6159.03
-6144.439
-6148.393
-6142.007
-6145.285
-6148.567
-6144.546
-6142.13
-6137.158
-6136.571
-6139.304
-6135.223
-6143.334
-6140.192
-6135.451
-6132.434
-6134.409
-6135.222
-6144.439
-6141.502
-6140.748
-6148.984
-6136.603
-6140.343
-6166.78
-6134.88
-6141.071
-6151.127
-6142.675
-6138.391
-6139.256
-6141.972
-6135.108
-6153.566
-6135.201
-6136.562
-6149.743
-6143.563
-6145.13
-6143.647
-6136.487
-6151.908
-6191.555
-6140.948
-6160.891
-6147.434
-6137.75
-6138.002
-6142.679
-6139.771
-6141.97
-6139.949
-6152.779
-6144.314
-6143.892
-6139.482
-6152.029
-6150.881
-6137.173
-6149.315
-6143.346
-6138.299
-6145.657
-6136.057
-6141.892
-6142.791
-6135.298
-6153.9
-6147.093
-6152.016
-6146.364
-6137.799
-6151.911
-6153.856
-6137.284
-6152.628
-6141.817
-6136.62
-6143.303
-6144.486
-6141.64
-6139.081
-6153.221
-6146.769
-6140.446
-6145.505
-6140.224
-6142.111
-6143.982
-6138.81
-6154.885
-6137.936
-6141.63
-6171.201
-6138.081
-6132.895
-6146.351
-6132.294
-6146.198
-6136.327
-6136.45
-6132.971
-6135.884
-6153.203
-6135.153
-6139.441
-6146.158
-6140.258
-6143.395
-6139.569
-6140.302
-6137.183
-6149.339
-6133.879
-6146.458
-6138.528
-6144.283
-6134.014
-6136.619
-6133.701
-6142.581
-6133.344
-6136.752
-6141.585
-6144.109
-6148.533
-6136.263
-6185.487
-6143.127
-6133.862
-6142.259
-6134.743
-6144.188
-6170.672
-6140.318
-6137.362
-6159.791
-6160.829
-6137.717
-6139.601
-6139.947
-6137.137
-6144.907
-6143.461
-6140.941
-6135.328
-6137.621
-6138.473
-6142.099
-6146.183
-6137.836
-6137.35
-6150.039
-6141.913
-6138.545
-6133.521
-6167.096
-6137.488
-6137.657
-6140.132
-6142.755
-6164.018
-6147.91
-6134.675
-6148.693
-6142.585
-6143.683
-6137.68
-6147.938
-6147.296
-6144.762
-6141.908
-6140.222
-6136.374
-6137.456
-6148.217
-6147.489
-6147.478
-6146.921
-6148.725
-6137.494
-6151.728
-6136.346
-6136.69
-6140.053
-6142.872
-6138.126
-6142.429
-6161.452
-6155.257
-6146.094
-6152.129
-6135.201
-6137.688
-6137.503
-6137.254
-6144.543
-6149.52
-6149.763
-6154.759
-6146.749
-6137.913
-6142.52
-6142.912
-6142.528
-6149.384
-6137.92
-6144.751
-6139.589
-6143.907
-6135.96
-6143.026
-6146.856
-6137.912
-6146.421
-6139.978
-6153.178
-6133.435
-6137.371
-6151.594
-6137.784
-6143.685
-6177.999
-6141.777
-6161.239
-6135.909
-6142.501
-6147.624
-6140.127
-6137.051
-6134.395
-6143.611
-6139.298
-6153.599
-6134.087
-6145.076
-6145.623
-6136.739
-6134.768
-6137.148
-6140.436
-6148.235
-6163.328
-6143.108
-6141.863
-6151.061
-6163.944
-6157.143
-6168.113
-6141.204
-6141.75
-6163.995
-6160.011
-6151.15
-6152.442
-6148.527
-6153.957
-6144.244
-6166.26
-6148.607
-6140.95
-6168.253
-6152.175
-6145.057
-6156.513
-6157.122
-6147.365
-6139.638
-6144.953
-6173.754
-6152.523
-6141.372
-6144.802
-6152.922
-6152.717
-6156.697
-6146.54
-6153.224
-6154.028
-6136.015
-6135.542
-6141.77
-6139.541
-6143.326
-6135.467
-6138.158
-6138.432
-6193.608
-6170.767
-6140.88
-6139.247
-6137.704
-6153.502
-6149.126
-6143.2
-6134.616
-6139.273
-6140.907
-6149.702
-6138.899
-6132.801
-6151.413
-6137.785
-6141.726
-6141.456
-6139.855
-6133.296
-6145.693
-6158.355
-6143.177
-6137.149
-6165.253
-6144.634
-6138.988
-6136.84
-6134.544
-6141.752
-6145.754
-6145.632
-6136.14
-6145.612
-6139.279
-6142.407
-6142.005
-6136.58
-6135.932
-6134.203
-6136.623
-6159.417
-6142.937
-6136.748
-6165.662
-6147.536
-6134.32
-6135.572
-6147.504
-6150.035
-6138.199
-6144.718
-6139.076
-6137.858
-6149.827
-6136.003
-6144.552
-6150.22
-6138.531
-6145.325
-6161.154
-6143.714
-6145.463
-6137.727
-6138.087
-6140.705
-6142.497
-6142.705
-6148.845
-6135.947
-6164.338
-6135.987
-6137.926
-6154.565
-6145.551
-6143.531
-6135.413
-6153.203
-6139.504
-6138.621
-6143.086
-6144.071
-6134.356
-6141.159
-6133.137
-6141.082
-6139.862
-6149.412
-6138.499
-6136.938
-6145.124
-6137.414
-6138.492
-6147.744
-6136.27
-6135.148
-6139.626
-6147.678
-6140.568
-6135.673
-6143.848
-6143.113
-6152.074
-6145.338
-6132.491
-6141.179
-6143.148
-6142.806
-6137.95
-6137.262
-6135.199
-6131.76
-6136.792
-6137.1
-6140.206
-6134.913
-6148.823
-6139.131
-6160.866
-6147.323
-6142.283
-6150.911
-6143.886
-6133.885
-6136.418
-6148.58
-6140.037
-6156.832
-6134.441
-6178.344
-6138.344
-6140.575
-6145.008
-6154.287
-6139.273
-6142.493
-6170.331
-6149.044
-6137.198
-6169.022
-6132.901
-6144.682
-6148.214
-6142.784
-6140.803
-6137.966
-6135.232
-6135.824
-6148.776
-6147.678
-6149.393
-6145.012
-6154.586
-6136.282
-6144.28
-6140.044
-6142.999
-6147.226
-6138.633
-6146.513
-6152.394
-6155.475
-6138.627
-6143.053
-6164.635
-6144.58
-6138.377
-6159.917
-6137.985
-6137.241
-6137.167
-6157.475
-6141.012
-6138.343
-6166.829
-6144.639
-6143.758
-6147.741
-6150.051
-6156.858
-6152.673
-6171.707
-6164.339
-6144.682
-6150.305
-6145.756
-6136.732
-6161.167
-6144.407
-6134.46
-6139.682
-6160.266
-6136.409
-6134.648
-6144.908
-6177.805
-6134.663
-6146.089
-6150.463
-6138.917
-6146.861
-6133.861
-6139.871
-6151.967
-6132.654
-6161.275
-6136.597
-6138.586
-6137.03
-6150.194
-6137.021
-6131.868
-6143.12
-6146.256
-6134.166
-6159.559
-6132.807
-6132.964
-6135.445
-6134.69
-6136.813
-6136.568
-6140.178
-6144.795
-6143.607
-6171.097
-6138.856
-6143.008
-6139.211
-6136.839
-6136.585
-6138.261
-6138.627
-6144.372
-6146.192
-6132.065
-6142.405
-6134.059
-6134.726
-6135.57
-6135.918
-6137.712
-6133.36
-6164.025
-6147.313
-6139.481
-6138.105
-6141.058
-6138.948
-6136.429
-6136.858
-6141.349
-6134.22
-6140.176
-6143.373
-6133.078
-6140.515
-6136.684
-6144.67
-6135.977
-6154.027
-6149.854
-6136.814
-6133.756
-6136.268
-6135.479
-6134.006
-6171.39
-6136.836
-6140.022
-6136.879
-6142.022
-6138.949
-6142.267
-6137.192
-6136.89
-6134.003
-6149.856
-6146.522
-6141.513
-6143.832
-6141.715
-6142.967
-6137.551
-6148.401
-6149.249
-6139.396
-6137.265
-6144.836
-6147.231
-6132.263
-6134.997
-6172.231
-6136.535
-6139.88
-6145.287
-6156.055
-6141.481
-6141.853
-6135.97
-6147.408
-6145.258
-6142.045
-6133.981
-6135.058
-6136.295
-6137.483
-6135.147
-6134.093
-6136.832
-6132.164
-6179.842
-6135.464
-6148.919
-6144.184
-6147.578
-6146.591
-6139.379
-6137.896
-6162.86
-6141.96
-6140.025
-6148.216
-6166.592
-6143.484
-6133.939
-6147.233
-6148.007
-6145.854
-6136.836
-6141.401
-6154.211
-6137.551
-6141.133
-6145.458
-6136.716
-6147.32
-6134.713
-6140.707
-6145.257
-6152.505
-6138.227
-6143.637
-6152.865
-6138.991
-6151.865
-6137.502
-6142.095
-6144.279
-6160.33
-6145.939
-6148.937
-6136.396
-6160.903
-6143.866
-6135.373
-6153.407
-6141.978
-6140.621
-6136.765
-6136.391
-6142.208
-6137.959
-6138.855
-6140.205
-6175.877
-6148.673
-6142.319
-6156.126
-6140.309
-6154.461
-6154.325
-6144.276
-6140.974
-6145.52
-6147.738
-6153.091
-6150.853
-6140.524
-6157.741
-6150.818
-6146.979
-6146.729
-6163.06
-6149.732
-6155.344
-6170.333
-6145.396
-6135.357
-6141.101
-6138.035
-6148.477
-6139.818
-6139.354
-6145.85
-6152.15
-6148.056
-6140.611
-6138.421
-6154.244
-6158.123
-6140.088
-6138.22
-6138.748
-6140.289
-6144.043
-6139.187
-6135.621
-6138.225
-6148.047
-6138.058
-6149.427
-6137.808
-6138.635
-6134.267
-6147.092
-6141.941
-6141.391
-6135.486
-6146.737
-6135.57
-6154.3
-6140.963
-6135.408
-6135.353
-6142.597
-6143.569
-6146.853
-6137.165
-6141.863
-6138.773
-6152.448
-6144.925
-6143.117
-6137.057
-6146.737
-6147.99
-6137.443
-6133.025
-6142.88
-6152.705
-6136.278
-6134.021
-6134.867
-6140.66
-6140.895
-6144.704
-6145.258
-6141.556
-6137.305
-6142.301
-6148.22
-6150.044
-6144.855
-6137.757
-6137.39
-6148.528
-6176.072
-6145.445
-6156.545
-6140.02
-6137.393
-6145.593
-6142.146
-6141.09
-6137.463
-6141.389
-6139.683
-6141.756
-6146.668
-6144.034
-6140.907
-6156.57
-6135.061
-6142.076
-6139.895
-6130.706
-6136.379
-6141.034
-6133.862
-6131.691
-6133.448
-6157.997
-6133.881
-6137.65
-6133.893
-6151.988
-6145.812
-6132.22
-6148.701
-6132.572
-6146.278
-6134.678
-6143.635
-6136.439
-6136.679
-6174.259
-6135.869
-6136.813
-6140.962
-6143.196
-6138.771
-6137.987
-6132.714
-6138.281
-6134.928
-6136.9
-6156.007
-6139.892
-6143.682
-6140.221
-6138.868
-6142.934
-6153.137
-6158.035
-6150.267
-6135.144
-6188.426
-6175.038
-6151.052
-6161.586
-6139.808
-6150.535
-6142.128
-6133.961
-6144.072
-6132.419
-6132.46
-6134.808
-6153.416
-6142.343
-6131.608
-6136.585
-6148.925
-6138.529
-6137.376
-6140.505
-6133.958
-6140.449
-6150.79
-6135.523
-6145.85
-6137.657
-6145.18
-6139.871
-6144.402
-6142.701
-6137.892
-6137.144
-6135.324
-6135.178
-6140.988
-6142.132
-6136.73
-6147.025
-6142.559
-6134.162
-6141.883
-6134.077
-6146.138
-6145.012
-6152.715
-6141.718
-6147.221
-6135.673
-6151.76
-6153.805
-6146.203
-6140.12
-6150.946
-6146.15
-6147.762
-6135.505
-6141.473
-6141.462
-6140.732
-6153.955
-6139.869
-6144.229
-6155.878
-6139.522
-6147.028
-6145.526
-6156.414
-6151.054
-6140.878
-6137.786
-6135.285
-6135.577
-6150.41
-6141.889
-6137.337
-6141.138
-6142.291
-6135.579
-6149.615
-6154.057
-6133.196
-6142.219
-6133.435
-6148.341
-6158.362
-6134.859
-6142.411
-6168.24
-6141.675
-6138.653
-6131.013
-6140.634
-6139.393
-6136.375
-6156.612
-6139.334
-6134.691
-6144.938
-6139.969
-6132.767
-6154.674
-6142.232
-6144.658
-6134.552
-6141.384
-6135.169
-6156.389
-6132.577
-6155.38
-6160.876
-6137.27
-6138.445
-6142.895
-6147.798
-6145.621
-6138.879
-6141.052
-6149.264
-6143.782
-6139.613
-6142.26
-6153.388
-6153.577
-6137.159
-6137.345
-6139.792
-6139.983
-6141.333
-6142.351
-6148.062
-6135.08
-6134.026
-6160.858
-6138.712
-6135.078
-6138.246
-6138.954
-6145.481
-6137.321
-6133.894
-6146.734
-6162.651
-6140.779
-6138.643
-6137.073
-6141.069
-6134.644
-6141.121
-6152.876
-6133.909
-6138.268
-6161.803
-6143.911
-6132.289
-6136.257
-6145.231
-6168.157
-6138.945
-6134.497
-6145.644
-6137.976
-6143.348
-6148.645
-6143.201
-6146.158
-6135.944
-6142.79
-6154.096
-6138.931
-6138.978
-6146.667
-6135.152
-6141.33
-6140.815
-6138.906
-6145.454
-6141.225
-6144.578
-6136.879
-6132.488
-6146.528
-6136.243
-6134.287
-6135.832
-6132.745
-6135.673
-6139.655
-6136.812
-6140.942
-6144.787
-6134.943
-6146.387
-6133.427
-6136.693
-6139.797
-6136.575
-6138.607
-6139.108
-6172.333
-6147.063
-6144.75
-6140.215
-6136.276
-6140.263
-6138.868
-6141.487
-6139.335
-6138.927
-6156.726
-6156.117
-6135.581
-6134.567
-6145.693
-6140.956
-6163.168
-6138.255
-6138.411
-6147.878
-6145.183
-6140.418
-6140.692
-6145.478
-6146.877
-6138.174
-6152.489
-6139.891
-6159.042
-6132.236
-6147.122
-6141.389
-6132.602
-6132.445
-6145.069
-6136.21
-6142.635
-6133.837
-6147.697
-6153.085
-6200.82
-6151.302
-6141.176
-6137.503
-6132.337
-6136.552
-6139.033
-6142.717
-6134.415
-6133.353
-6140.132
-6142.302
-6147.184
-6155.619
-6142.519
-6141.681
-6136.856
-6137.853
-6140.031
-6136.359
-6135.629
-6143.003
-6143.28
-6136.456
-6139.437
-6158.603
-6137.699
-6145.127
-6145.659
-6142.837
-6139.009
-6141.298
-6139.669
-6140.357
-6145.131
-6140.609
-6141.663
-6134.539
-6134.259
-6141.545
-6146.325
-6131.562
-6131.226
-6138.108
-6133.326
-6147.299
-6139.074
-6155.3
-6133.379
-6140.195
-6142.764
-6139.825
-6136.167
-6164.429
-6141.051
-6143.454
-6133.103
-6134.453
-6140.323
-6137.123
-6136.036
-6132.759
-6135.153
-6138.302
-6136.615
-6137.569
-6137.285
-6141.477
-6139.453
-6136.707
-6133.559
-6141.408
-6135.325
-6142.409
-6133.197
-6140.041
-6145.504
-6135.413
-6136.486
-6134.082
-6138.861
-6154.732
-6144.913
-6143.28
-6134.714
-6132.825
-6141.562
-6135.152
-6147.757
-6138.024
-6138.66
-6154.671
-6142.307
-6135.42
-6137.572
-6148.362
-6140.441
-6134.664
-6134.77
-6136.142
-6135.195
-6138.034
-6136.494
-6142.747
-6134.002
-6137.24
-6136.163
-6138.261
-6139.083
-6132.757
-6135.075
-6133.996
-6150.327
-6139.109
-6138.251
-6135.135
-6135.111
-6133.143
-6133.654
-6142.661
-6136.107
-6146.524
-6168.498
-6135.619
-6134.595
-6136.022
-6137.599
-6148.669
-6139.614
-6163.198
-6133.054
-6137.963
-6141.041
-6148.059
-6135.786
-6137.799
-6133.497
-6134.561
-6145.875
-6137.009
-6135.645
-6150.378
-6134.325
-6139.916
-6135.797
-6138.047
-6137.177
-6143.154
-6138.199
-6148.889
-6136.764
-6157.489
-6149.627
-6134.608
-6137.986
-6145.291
-6140.419
-6133.807
-6137.039
-6134.068
-6142.629
-6142.111
-6155.839
-6143.469
-6150.845
-6150.016
-6138.421
-6155.126
-6134.716
-6139.547
-6137.364
-6143.681
-6151.218
-6137.456
-6135.791
-6133.981
-6141.028
-6135.586
-6140.834
-6132.367
-6134.136
-6140.452
-6134.392
-6139.84
-6142.921
-6136.741
-6137.58
-6134.359
-6136.377
-6140.378
-6132.956
-6139.554
-6156.827
-6139.898
-6137.627
-6164.641
-6153.838
-6134.178
-6135.272
-6140.197
-6136.662
-6136.869
-6141.481
-6138.511
-6140.709
-6157.042
-6136.245
-6148.071
-6136.97
-6136.609
-6135.484
-6136.252
-6135.248
-6139.485
-6135.043
-6140.568
-6134.154
-6146.274
-6138.643
-6135.426
-6142.495
-6136.489
-6135.228
-6135.793
-6137.227
-6136.593
-6135.022
-6135.184
-6149.273
-6141.482
-6134.902
-6130.967
-6146.204
-6139.853
-6149.534
-6142.195
-6134.093
-6147.772
-6152.062
-6142.957
-6131.69
-6135.724
-6145.569
-6141.633
-6133.364
-6136.969
-6132.539
-6132.928
-6137.391
-6141.33
-6133.76
-6133.209
-6139.563
-6142.579
-6140.472
-6136.67
-6134.683
-6132.188
-6134.269
-6145.814
-6144.479
-6133.126
-6143.045
-6131.684
-6132.986
-6133.166
-6133.962
-6136.453
-6145.76
-6167.528
-6143.701
-6144.07
-6134.718
-6135.608
-6133.139
-6131.553
-6140.046
-6146.392
-6139.758
-6134.486
-6133.87
-6139.835
-6135.907
-6131.021
-6147.156
-6159.583
-6131.151
-6137.013
-6142.935
-6137.013
-6153.346
-6155.209
-6144.179
-6135.058
-6146.406
-6135.407
-6133.384
-6135.265
-6133.213
-6146.426
-6141.228
-6133.512
-6144.683
-6177.226
-6144.192
-6146.836
-6137.449
-6209.532
-6138.105
-6159.167
-6141.341
-6134.426
-6147.392
-6138.707
-6138.654
-6142.301
-6135.731
-6143.464
-6140.436
-6139.796
-6136.86
-6136.149
-6141.943
-6154.947
-6149.75
-6142
-6152.011
-6167.808
-6143.975
-6140.123
-6133.804
-6174.436
-6132.966
-6148.334
-6131.929
-6142.791
-6137.805
-6133.541
-6133.362
-6145.71
-6145.956
-6134.759
-6153.461
-6147.106
-6139.552
-6136.528
-6138.751
-6156.912
-6141.358
-6133.497
-6150.479
-6144.679
-6144.942
-6148.208
-6150.908
-6150.802
-6135.501
-6137.835
-6151.812
-6138.323
-6134.881
-6135.653
-6146.207
-6150.397
-6134.313
-6140.433
-6143.621
-6132.661
-6137.498
-6139.674
-6139.226
-6136.49
-6140.116
-6135.877
-6131.072
-6134.139
-6133.671
-6134.969
-6133.916
-6142.645
-6142.024
-6153.835
-6158.783
-6141.188
-6139.693
-6146.961
-6144.522
-6153.746
-6145.712
-6137.665
-6141.705
-6156.442
-6137.177
-6139.94
-6157.592
-6140.874
-6136.425
-6138.21
-6135.793
-6140.606
-6162.147
-6147.451
-6140.42
-6146.572
-6141.706
-6144.942
-6138.536
-6151.151
-6137.083
-6134.4
-6157.836
-6139.357
-6159.735
-6136.108
-6135.976
-6138.305
-6158.024
-6137.87
-6146.288
-6145.38
-6141.704
-6144.078
-6155.916
-6136.904
-6140.187
-6152.415
-6146.043
-6142.081
-6137.192
-6138.917
-6146.123
-6133.914
-6152.377
-6142.573
-6138.512
-6145.843
-6143.578
-6149.372
-6140.719
-6142.781
-6141.186
-6143.697
-6145.626
-6140.377
-6138.761
-6141.243
-6135.801
-6153.147
-6135.651
-6134.613
-6137.351
-6136.519
-6137.276
-6133.802
-6137.421
-6139.337
-6142.591
-6137.139
-6150.019
-6135.126
-6171.362
-6138.536
-6141.798
-6139.931
-6142.199
-6140.49
-6134.646
-6143.694
-6140.674
-6136.006
-6153.883
-6143.686
-6138.774
-6139.078
-6151.388
-6134.933
-6145.973
-6134.728
-6140.482
-6164.66
-6144.4
-6145.96
-6136.074
-6139.728
-6151.57
-6138.079
-6140.266
-6148.004
-6142.774
-6140.027
-6135.883
-6139.641
-6157.86
-6137.953
-6143.185
-6150.104
-6149.808
-6183.717
-6156.341
-6143.533
-6159.95
-6146.203
-6134.253
-6138.723
-6147.43
-6133.6
-6139.496
-6134.135
-6165.736
-6139.85
-6143.835
-6141.264
-6137.815
-6147.385
-6139.004
-6145.367
-6147.717
-6147.099
-6146.117
-6151.03
-6150.264
-6163.616
-6147.797
-6142.12
-6140.122
-6140.659
-6145.578
-6156.689
-6155.067
-6141.269
-6139.608
-6151.862
-6141.877
-6140.501
-6142.152
-6177.101
-6149.424
-6136.438
-6140.818
-6143.921
-6137.72
-6167.778
-6135.838
-6143.915
-6137.682
-6140.065
-6138.208
-6140.72
-6147.187
-6147.551
-6137.94
-6157.791
-6134.582
-6143.53
-6133.707
-6131.435
-6134.028
-6138.869
-6140.497
-6148.01
-6138.051
-6135.646
-6133.078
-6141.47
-6132.656
-6148.554
-6141.108
-6147.787
-6138.625
-6148.408
-6137.215
-6153.47
-6138.281
-6133.603
-6140.646
-6137.762
-6140.951
-6159.93
-6133.925
-6135.358
-6135.215
-6139.256
-6145.65
-6132.998
-6146.8
-6133.959
-6137.319
-6144.92
-6134.681
-6143.376
-6132.378
-6137.383
-6144.194
-6134.219
-6135.403
-6145.768
-6133.914
-6136.855
-6139.292
-6154.191
-6138.541
-6145.323
-6161.196
-6139.553
-6136.319
-6138.147
-6136.944
-6142.49
-6146.371
-6135.961
-6142.46
-6143.159
-6144.231
-6143.276
-6143.159
-6139.208
-6138.325
-6144.145
-6141.471
-6144.152
-6151.994
-6144.626
-6137.19
-6136.495
-6139.848
-6140.113
-6136.186
-6137.886
-6140.429
-6157.76
-6136.21
-6138.514
-6138.921
-6138.036
-6139.758
-6157.316
-6141.425
-6157.512
-6138.083
-6137.732
-6135.701
-6148.223
-6141.926
-6172.692
-6149.146
-6146.331
-6171.537
-6155.961
-6141.647
-6137.616
-6133.432
-6136.585
-6141.464
-6142.066
-6144.956
-6137.704
-6135.806
-6147.544
-6136.283
-6136.305
-6148.194
-6155.035
-6133.395
-6135.027
-6136.65
-6147.178
-6139.897
-6138.848
-6144.512
-6139.388
-6138.395
-6138.019
-6141.657
-6147.468
-6136.804
-6136.439
-6157.368
-6133.007
-6146.981
-6150.782
-6131.875
-6132.365
-6140.092
-6134.684
-6151.091
-6139.814
-6159.79
-6146.744
-6134.068
-6134.858
-6137.637
-6165.177
-6151.242
-6135.487
-6140.825
-6149.902
-6132.793
-6151.957
-6135.531
-6139.275
-6143.78
-6141.01
-6135.19
-6138.703
-6141.612
-6147.782
-6137.181
-6136.761
-6161.398
-6133.916
-6146.665
-6144.635
-6135.628
-6147.415
-6157.142
-6144.714
-6147.276
-6134.285
-6139.247
-6140.047
-6151.393
-6141.602
-6138.399
-6135.954
-6136.35
-6137.956
-6157.992
-6150.212
-6140.689
-6150.852
-6155.669
-6136.184
-6147.442
-6144.038
-6141.745
-6143.801
-6136.945
-6137.411
-6141.723
-6140.493
-6148.355
-6149.215
-6134.805
-6140.984
-6142.558
-6146.084
-6138.082
-6138.658
-6143.956
-6148.983
-6159.997
-6138.276
-6139.568
-6140.337
-6157.697
-6153.682
-6146.848
-6149.871
-6164.341
-6146.893
-6141.996
-6156.316
-6140.85
-6144.065
-6152.099
-6157.366
-6160.7
-6145.999
-6142.319
-6138.874
-6148.164
-6160.381
-6143.596
-6134.482
-6152.659
-6140.954
-6157.544
-6147.689
-6147.525
-6143.626
-6152.331
-6142.925
-6165.041
-6144.353
-6133.749
-6145.35
-6140.057
-6160.34
-6140.478
-6153.572
-6141.947
-6144.498
-6140.342
-6168.826
-6163.295
-6137.982
-6136.024
-6141.383
-6133.967
-6136.465
-6134.711
-6150.855
-6143.838
-6151.576
-6141.817
-6142.082
-6139.085
-6146.975
-6155.14
-6149.912
-6142.008
-6139.725
-6145.993
-6133.202
-6154.897
-6153.742
-6140.601
-6135.666
-6139.324
-6140.599
-6152.519
-6153.353
-6158.647
-6135.327
-6143.372
-6148.252
-6139.253
-6138.107
-6139.579
-6142.016
-6136.812
-6135.597
-6138.994
-6134.28
-6136.571
-6145.516
-6157.861
-6137.248
-6135.598
-6145.986
-6149.02
-6139.756
-6141.681
-6145.377
-6145.263
-6137.289
-6136.771
-6136.007
-6139.066
-6143.699
-6137.071
-6134.336
-6141.522
-6132.958
-6142.45
-6134.322
-6137.916
-6150.381
-6155.277
-6147.265
-6138.674
-6135.017
-6154.614
-6142.993
-6148.848
-6140.049
-6162.395
-6134.14
-6142.905
-6140.015
-6141.785
-6135.598
-6139.214
-6135.472
-6136.41
-6143.618
-6166.922
-6145.754
-6159.802
-6142.338
-6149.557
-6165.197
-6155.759
-6152.178
-6166.579
-6156.766
-6160.034
-6142.249
-6151.422
-6144.507
-6141.569
-6167.749
-6140.531
-6144.727
-6144.117
-6143.535
-6150.308
-6141.539
-6151.8
-6139.055
-6140.992
-6139.532
-6133.941
-6141.165
-6144.036
-6146.442
-6139.328
-6150.091
-6140.554
-6156.841
-6149.481
-6135.49
-6136.8
-6147.918
-6146.306
-6132.878
-6150.367
-6134.866
-6137.233
-6137.642
-6157.547
-6134.588
-6135.454
-6145.645
-6139.645
-6136.631
-6137.419
-6146.098
-6148.409
-6137.54
-6159.277
-6149.425
-6145.717
-6154.541
-6149.559
-6140.794
-6135.325
-6140.211
-6147.06
-6144.899
-6140.768
-6137.437
-6133.383
-6135.603
-6136.074
-6144.896
-6159.563
-6138.271
-6159.066
-6144.713
-6141.198
-6178.939
-6137.801
-6140.981
-6161.977
-6173.384
-6144.421
-6155.864
-6151.765
-6157.024
-6138.829
-6141.125
-6154.828
-6138.17
-6166.878
-6151.116
-6155.873
-6148.369
-6142.802
-6159.608
-6151.201
-6145.769
-6140.472
-6181.644
-6153.513
-6142.58
-6157.609
-6141.19
-6149.844
-6153.195
-6141.519
-6139.672
-6155.718
-6140.18
-6136.104
-6165.544
-6139.932
-6143.392
-6136.553
-6144.639
-6146.378
-6150.213
-6153.059
-6156.376
-6154.973
-6141.13
-6135.679
-6149.613
-6145.505
-6163.497
-6136.659
-6151.443
-6140.478
-6143.074
-6139.113
-6143.1
-6144.525
-6136.707
-6153.678
-6135.744
-6137.989
-6149.655
-6158.385
-6141.149
-6145.159
-6146.818
-6145.499
-6175.29
-6155.778
-6159.832
-6143.226
-6141.9
-6142.69
-6142.102
-6140.683
-6139.991
-6144.168
-6149.865
-6149.349
-6134.601
-6138.345
-6141.027
-6139.213
-6140.772
-6138.862
-6155.175
-6142.316
-6139.124
-6154.278
-6142.747
-6140.395
-6135.404
-6149.807
-6143.418
-6140.363
-6156.192
-6139.258
-6158.892
-6137.501
-6139.262
-6137.167
-6136.809
-6135.726
-6146.519
-6150.753
-6146.37
-6136.584
-6143.866
-6142.167
-6149.172
-6135.264
-6134.725
-6155.489
-6141.485
-6157.111
-6151.469
-6138.554
-6155.219
-6144.768
-6154.369
-6164.261
-6147.616
-6138.999
-6140.617
-6150.32
-6137.903
-6134.107
-6133.273
-6147.315
-6149.646
-6133.987
-6134.163
-6140.667
-6157.459
-6139.468
-6142.65
-6137.639
-6140.854
-6141.57
-6134.724
-6134.004
-6135.299
-6139.133
-6139.796
-6135.376
-6133.822
-6139.492
-6147.215
-6152.209
-6137.467
-6165.316
-6135.152
-6133.507
-6135.292
-6138.593
-6172.216
-6139.374
-6161.005
-6138.574
-6152.045
-6146.859
-6149.411
-6140.4
-6160.996
-6142.679
-6140.91
-6136.725
-6146.446
-6135.322
-6138.278
-6140.684
-6144.836
-6145.399
-6143.178
-6133.432
-6150.807
-6138.687
-6149.72
-6137.944
-6135.099
-6141.795
-6145.156
-6140.921
-6166.632
-6141.55
-6146.488
-6139.111
-6149.628
-6138.782
-6139.761
-6152.787
-6149.395
-6148.805
-6142.686
-6135.95
-6136.267
-6135.3
-6136.663
-6139.092
-6148.624
-6136.82
-6136.617
-6138.812
-6137.514
-6135.654
-6144.512
-6143.594
-6141.034
-6143.596
-6138.295
-6150.598
-6139.33
-6147.568
-6135.339
-6156.89
-6137.129
-6139.537
-6132.236
-6136.694
-6133.449
-6136.17
-6135.846
-6147.952
-6137.068
-6139.947
-6132.055
-6150.723
-6140.133
-6138.023
-6134.336
-6137.137
-6138.796
-6164.852
-6135.124
-6134.001
-6142.501
-6140.894
-6150.487
-6149.287
-6133.692
-6137.749
-6137.611
-6132.707
-6139.354
-6135.084
-6135.367
-6148.92
-6139.745
-6171.356
-6137.274
-6142.272
-6133.325
-6133.446
-6166.122
-6136.303
-6138.029
-6137.694
-6140.794
-6142.107
-6140.56
-6140.73
-6135.223
-6139.695
-6135.154
-6160.745
-6141.762
-6138.651
-6134.702
-6137.686
-6153.783
-6144.06
-6143.207
-6138.85
-6143.03
-6133.743
-6150.971
-6134.795
-6162.302
-6137.989
-6160.07
-6134.449
-6143.032
-6141.663
-6141.891
-6154.614
-6159.063
-6154.636
-6157.48
-6149.928
-6143.202
-6139.018
-6142.278
-6142.235
-6145.686
-6143.293
-6153.486
-6193.15
-6142.747
-6160.673
-6138.954
-6141.645
-6139.66
-6153.34
-6142.311
-6149.44
-6155.652
-6136.741
-6144.129
-6139.222
-6145.136
-6143.795
-6148.191
-6141.321
-6143.392
-6144.598
-6140.166
-6136.825
-6133.685
-6148.703
-6145.14
-6154.603
-6145.51
-6141.127
-6134.129
-6157.535
-6142.335
-6158.301
-6137.592
-6145.8
-6151.4
-6143.024
-6138.503
-6139.499
-6140.599
-6139.79
-6144.702
-6145.181
-6140.684
-6135.371
-6139.351
-6136.67
-6138.151
-6142.288
-6154.301
-6160.597
-6136.984
-6141.684
-6147.887
-6173.897
-6142.788
-6143.075
-6153.125
-6134.995
-6143.446
-6142.155
-6140.878
-6134.295
-6150.326
-6145.616
-6143.703
-6138.379
-6139.987
-6177.148
-6141.194
-6140.649
-6155.26
-6137.651
-6137.698
-6155.114
-6163.7
-6136.468
-6144.929
-6140.618
-6153.268
-6140.181
-6150.378
-6167.635
-6140.036
-6143.204
-6162.643
-6157.083
-6136.938
-6134.261
-6147.184
-6141.502
-6137.8
-6146.464
-6143.034
-6142.257
-6138.235
-6146.75
-6140.978
-6135.161
-6152.117
-6140.055
-6150.668
-6142.847
-6144.462
-6136.163
-6151.586
-6141.973
-6150.424
-6142.98
-6163.916
-6144.875
-6146.498
-6135.475
-6134.509
-6145.802
-6139.095
-6144.949
-6136.112
-6136.846
-6155.165
-6135.368
-6153.197
-6137.947
-6141.342
-6136.761
-6157.438
-6140.168
-6142.55
-6135.041
-6134.786
-6142.742
-6132.999
-6149.304
-6133.703
-6136.229
-6142.814
-6140.684
-6145.684
-6146.932
-6132.983
-6154.041
-6135.62
-6150.503
-6135.238
-6145.367
-6141.059
-6135.792
-6132.932
-6151.653
-6140.862
-6141.813
-6146.036
-6168.962
-6136.559
-6135.908
-6141.563
-6144.427
-6148.19
-6138.275
-6140.584
-6154.055
-6142.645
-6157.179
-6168.137
-6145.85
-6154.044
-6147.045
-6161.832
-6151.952
-6139.749
-6145.882
-6134.109
-6140.823
-6148.912
-6155.685
-6136.203
-6136.491
-6139.096
-6137.873
-6162.926
-6146.165
-6142.025
-6139.103
-6132.279
-6136.988
-6141.163
-6135.658
-6138.583
-6136.968
-6139.589
-6142.434
-6141.077
-6139.987
-6145.528
-6142.916
-6135.658
-6139.309
-6135.735
-6136.094
-6141.586
-6138.595
-6143.83
-6135.277
-6136.647
-6139.87
-6136.902
-6135.866
-6132.357
-6143.099
-6139.428
-6141.203
-6137.069
-6132.439
-6138.755
-6154.159
-6140.23
-6137.118
-6143.973
-6155.498
-6137.028
-6137.953
-6136.227
-6137.021
-6139.628
-6135.011
-6139.725
-6135.391
-6138.553
-6144.999
-6141.99
-6142.581
-6139.234
-6135.639
-6154.688
-6146.243
-6139.369
-6139.783
-6136.696
-6142.827
-6137.419
-6140.883
-6137.812
-6156.438
-6133.079
-6132.509
-6147.25
-6141.584
-6143.046
-6135.613
-6138.05
-6135.689
-6135.482
-6131.923
-6153.153
-6135.253
-6139.507
-6139.516
-6145.214
-6135.13
-6136.344
-6154.08
-6132.935
-6137.102
-6134.607
-6153.615
-6139.713
-6143.737
-6134.867
-6139.769
-6152.826
-6141.342
-6138.546
-6138.621
-6141.559
-6136.723
-6149.782
-6135.926
-6135.881
-6139.11
-6154.443
-6150.076
-6169.68
-6176.138
-6164.937
-6148.791
-6164.925
-6133.563
-6143.764
-6148.403
-6134.566
-6141.201
-6146.107
-6141.933
-6143.18
-6152.947
-6131.643
-6150.813
-6141.259
-6134.842
-6147.779
-6154.16
-6135.8
-6150.405
-6145.676
-6132.789
-6136.922
-6134.757
-6137.34
-6136.021
-6135.909
-6133.105
-6144.321
-6134.488
-6174.668
-6138.284
-6154.764
-6141.046
-6134.704
-6142.34
-6134.561
-6143.609
-6147.682
-6145.908
-6136.894
-6142.554
-6144.259
-6133.921
-6137.066
-6139.539
-6155.725
-6157.399
-6147.537
-6133.916
-6152.367
-6141.106
-6155.471
-6141.666
-6140.621
-6147.195
-6137.94
-6148.941
-6142.503
-6134.073
-6139.837
-6138.145
-6140.744
-6135.818
-6138.391
-6143.646
-6143.473
-6151.924
-6133.933
-6140.498
-6134.578
-6139.062
-6138.326
-6158.492
-6133.958
-6137.711
-6145.623
-6133.889
-6157.249
-6155.349
-6138.614
-6146.942
-6138.682
-6199.274
-6143.177
-6143.006
-6139.831
-6144.606
-6144.585
-6150.783
-6145.364
-6143.599
-6135.013
-6140.525
-6159.902
-6159.775
-6134.78
-6141.287
-6142.154
-6149.833
-6141.093
-6148.648
-6142.522
-6146.122
-6146.069
-6140.636
-6145.474
-6167.406
-6137.71
-6138.696
-6140.619
-6145.427
-6139.298
-6138.069
-6157.387
-6145.322
-6136.401
-6135.971
-6135.883
-6141.816
-6149.843
-6149.267
-6159.258
-6142.632
-6140.527
-6147.447
-6138.538
-6161.905
-6137.589
-6140.286
-6146.493
-6144.051
-6146.548
-6143.486
-6176.563
-6144.846
-6136.707
-6139.27
-6136.325
-6157.984
-6134.033
-6136.766
-6147.003
-6164.851
-6140.31
-6138.046
-6147.734
-6144.755
-6145.529
-6150.798
-6147.002
-6134.992
-6143.29
-6140.861
-6135.52
-6135.444
-6136.409
-6138.842
-6141.75
-6134.707
-6143.358
-6139.499
-6135.63
-6132.441
-6142.801
-6137.966
-6157.406
-6140.192
-6141.992
-6139.313
-6141.497
-6158.043
-6136.47
-6142.064
-6138.911
-6132.725
-6158.692
-6157.574
-6139.244
-6132.704
-6140.678
-6139.452
-6142.259
-6135.992
-6140.696
-6143.411
-6159.86
-6134.399
-6136.51
-6137.841
-6145.364
-6138.524
-6140.648
-6139.509
-6141.147
-6141.854
-6144.702
-6173.061
-6150.944
-6146.509
-6140.985
-6140.343
-6145.731
-6142.476
-6138.402
-6141.337
-6136.194
-6136.142
-6146.482
-6148.781
-6155.472
-6141.547
-6150.146
-6145.928
-6141.261
-6140.835
-6133.861
-6142.432
-6140.196
-6143.038
-6141.918
-6142.85
-6154.35
-6134.412
-6136.268
-6139.059
-6139.057
-6148.353
-6134.395
-6153.052
-6140.007
-6155.495
-6152.948
-6151.15
-6140.28
-6144.297
-6151.209
-6136.166
-6140.222
-6152.65
-6175.403
-6144.247
-6141.13
-6137.558
-6148.329
-6161.782
-6137.479
-6137.812
-6149.568
-6141.272
-6157.851
-6143.273
-6140.724
-6156.976
-6143.252
-6137.696
-6153.889
-6133.849
-6140.832
-6140.533
-6147.626
-6136.7
-6149.123
-6146.659
-6136.297
-6167.126
-6135.298
-6151.179
-6144.128
-6140.466
-6149.529
-6137.694
-6143.538
-6146.889
-6153.601
-6141.819
-6144.348
-6147.548
-6145.405
-6155.554
-6140.441
-6139.496
-6136.101
-6156.771
-6140.291
-6140.935
-6147.92
-6140.235
-6138.831
-6157.711
-6142.059
-6147.76
-6141.996
-6151.335
-6136.664
-6150.577
-6141.646
-6138.932
-6139.388
-6138.363
-6135.547
-6150.932
-6135.389
-6130.04
-6138.188
-6137.92
-6142.072
-6139.088
-6134.722
-6137.354
-6151.763
-6133.828
-6141.119
-6133.273
-6133.688
-6151.596
-6148.255
-6134.432
-6137.976
-6143.237
-6141.013
-6151.923
-6136.118
-6135.72
-6146.222
-6146.824
-6132.344
-6137.724
-6136.697
-6134.102
-6134.108
-6135.047
-6135.501
-6139.533
-6140.73
-6131.86
-6134.166
-6131.623
-6138.764
-6143.513
-6133.763
-6143.191
-6136.778
-6143.465
-6142.39
-6148.752
-6138.393
-6138.195
-6140.824
-6136.548
-6135.026
-6135.038
-6135.378
-6135.418
-6135.542
-6135.917
-6132.78
-6139.904
-6144.986
-6146.802
-6132.279
-6135.095
-6138.017
-6141.024
-6146.225
-6132.091
-6134.328
-6143.84
-6146.771
-6133.512
-6150.698
-6149.342
-6150.178
-6141.276
-6141.226
-6135.167
-6132.5
-6149.825
-6138.04
-6138.929
-6144.761
-6135.319
-6132.645
-6143.547
-6147.882
-6136.559
-6145.979
-6141.165
-6137.053
-6156.328
-6159.762
-6138.718
-6143.469
-6134.943
-6141.255
-6157.243
-6138.666
-6138.872
-6137.533
-6135.723
-6145.227
-6139.218
-6137.391
-6140.733
-6142.324
-6134.281
-6135.473
-6140.13
-6170.577
-6143.227
-6135.073
-6141.656
-6139.197
-6134.67
-6144.15
-6158.702
-6145.439
-6143.149
-6137.461
-6135.385
-6136.946
-6146.365
-6162.059
-6137.683
-6140.144
-6139.428
-6139.194
-6135.376
-6137.815
-6135.65
-6150.704
-6146.87
-6152.747
-6141.98
-6143.145
-6154.968
-6149.893
-6147.875
-6143.656
-6140.835
-6136.843
-6147.406
-6182.563
-6135.21
-6137.853
-6140.383
-6150.32
-6138.505
-6143.365
-6143.575
-6138.294
-6141.795
-6136.429
-6144.267
-6140.683
-6139.31
-6146.048
-6148.819
-6153.48
-6170.48
-6151.736
-6139.201
-6145.029
-6151.422
-6139.983
-6148.619
-6148.714
-6146.939
-6145.449
-6142.01
-6147.771
-6145.038
-6149.633
-6144.269
-6139.939
-6138.621
-6160.479
-6150.701
-6146.241
-6142.106
-6148.855
-6145.358
-6140.554
-6151.63
-6176.828
-6142.609
-6139.38
-6150.808
-6139.144
-6153.294
-6140.059
-6164.808
-6136.671
-6145.968
-6137.938
-6142.384
-6146.003
-6142.357
-6161.427
-6139.764
-6151.941
-6146.927
-6136.259
-6149.006
-6155.04
-6132.267
-6152.375
-6145.02
-6136.069
-6137.077
-6137.35
-6135.812
-6137.476
-6136.844
-6165.95
-6140.326
-6140.295
-6139.36
-6139.52
-6137.361
-6146.119
-6138.398
-6136.055
-6140.312
-6141.51
-6136.435
-6161.447
-6142.471
-6142.667
-6135.763
-6137.339
-6134.573
-6139.262
-6153.074
-6136.044
-6146.202
-6136.884
-6141.827
-6141.191
-6147.176
-6143.932
-6133.986
-6136.847
-6135.415
-6149.682
-6137.843
-6144.895
-6159.733
-6141.44
-6142.58
-6141.509
-6152.513
-6161.871
-6141.931
-6140.727
-6143.198
-6143.031
-6169.435
-6144.743
-6152.795
-6142.983
-6157.309
-6157.365
-6147.925
-6160.09
-6136.526
-6132.806
-6134.891
-6137.469
-6141.093
-6150.511
-6155.467
-6170.872
-6139.267
-6133.314
-6151.467
-6136.575
-6137.026
-6133.867
-6147.396
-6140.631
-6136.262
-6146.18
-6138.471
-6137.807
-6133.411
-6138.014
-6136.061
-6155.143
-6138.349
-6155.041
-6136.75
-6142.454
-6140.1
-6142.214
-6137.76
-6137.583
-6148.199
-6148.624
-6152.627
-6136.52
-6143.945
-6148.83
-6133.202
-6157.402
-6133.463
-6139.979
-6148.429
-6154.186
-6140.964
-6144.037
-6137.802
-6135.063
-6141.36
-6142.11
-6165.067
-6147.572
-6134.716
-6133.769
-6139.735
-6142.502
-6150.757
-6150.417
-6145.868
-6135.687
-6144.986
-6147.14
-6145.383
-6152.265
-6139.784
-6143.347
-6143.137
-6141.992
-6140.433
-6151.857
-6140.101
-6147.01
-6134.928
-6138.426
-6151.092
-6141.972
-6141.244
-6147.102
-6136.681
-6136.952
-6137.584
-6134.465
-6137.229
-6169.659
-6162.769
-6133.348
-6145.169
-6143.829
-6146.247
-6143.734
-6140.857
-6167.578
-6138.659
-6146.555
-6146.653
-6162.456
-6145.248
-6140.264
-6143.483
-6155.807
-6134.113
-6140.492
-6144.615
-6157.524
-6160.655
-6149.539
-6145.262
-6139.484
-6135.607
-6133.526
-6140.593
-6135.857
-6142.571
-6154.575
-6136.556
-6156.166
-6140.678
-6142.849
-6143.524
-6148.312
-6138.509
-6165.477
-6141.17
-6147.846
-6146.958
-6141.408
-6140.828
-6138.381
-6139.864
-6135.877
-6142.805
-6146.126
-6147.164
-6151.306
-6139.596
-6157.709
-6140.609
-6135.454
-6142.849
-6144.341
-6146.449
-6145.193
-6139.292
-6143.413
-6142.386
-6152.599
-6160.414
-6140.354
-6152.593
-6133.036
-6133.88
-6135.485
-6151.22
-6150.774
-6150.132
-6146.277
-6140.061
-6161.668
-6138.557
-6139.406
-6143.539
-6143.501
-6144.98
-6154.064
-6142.046
-6135.941
-6141.661
-6134.343
-6137.013
-6138.937
-6138.073
-6135.103
-6135.249
-6149.923
-6138.503
-6136.525
-6132.633
-6136.41
-6135.531
-6133.222
-6144.776
-6135.69
-6151.431
-6145.471
-6139.915
-6154.179
-6152.035
-6144.192
-6137.236
-6134.759
-6148.877
-6148.86
-6143.391
-6151.551
-6142.029
-6138.199
-6139.733
-6138.66
-6143.528
-6135.274
-6140.517
-6139.731
-6136.628
-6136.663
-6135.848
-6136.098
-6137.262
-6152.933
-6138.919
-6150.065
-6143.877
-6138.765
-6131.622
-6141.078
-6134.687
-6144.568
-6144.325
-6135.75
-6134.501
-6138.526
-6132.096
-6141.28
-6136.259
-6138.954
-6155.73
-6133.293
-6138.032
-6137.114
-6136.711
-6144.69
-6136.953
-6142.642
-6134.726
-6140.545
-6135.563
-6141.879
-6153.052
-6145.379
-6134.821
-6133.827
-6141.456
-6135.706
-6132.28
-6135.397
-6138.746
-6143.454
-6142.62
-6146.205
-6142.179
-6151.091
-6158.301
-6136.05
-6153.341
-6140.183
-6133.775
-6138.577
-6141.58
-6141.231
-6140.869
-6147.942
-6139.811
-6144.308
-6146.502
-6142.036
-6140.536
-6146.808
-6139.569
-6140.771
-6141.32
-6137.875
-6134.572
-6152.434
-6136.685
-6148.103
-6139.721
-6140.624
-6140.427
-6136.04
-6138.603
-6140.751
-6138.176
-6146.078
-6141.303
-6152.703
-6148.449
-6137.009
-6140.817
-6160.068
-6170.835
-6136.524
-6149.63
-6143.686
-6154.908
-6138.344
-6162.233
-6135.11
-6145.517
-6135.407
-6143.889
-6155.458
-6141.079
-6151.868
-6163.254
-6143.237
-6142.185
-6137.208
-6147.309
-6147.847
-6143.342
-6150.95
-6139.042
-6137.924
-6152.017
-6146.954
-6138.67
-6148.6
-6140.344
-6145.263
-6146.187
-6146.008
-6140.017
-6146.712
-6146.695
-6140.377
-6138.948
-6142.477
-6141.756
-6134.103
-6135.228
-6153.006
-6133.443
-6138.654
-6139.38
-6134.86
-6139.949
-6142.496
-6142.158
-6163.769
-6147.22
-6135.114
-6134.926
-6137.862
-6137.522
-6138.293
-6145.005
-6161.36
-6136.977
-6147.251
-6136.904
-6134.068
-6141.035
-6161.566
-6141.488
-6141.901
-6134.772
-6136.047
-6139.036
-6145.765
-6137.107
-6149.342
-6144.175
-6137.907
-6147.457
-6135.098
-6139.246
-6137.409
-6144.755
-6136.626
-6139.101
-6141.833
-6137.163
-6139.081
-6138.068
-6140.991
-6143.136
-6147.156
-6148.39
-6153.114
-6132.758
-6136.222
-6155.314
-6135.826
-6139.103
-6143.433
-6136.365
-6134.395
-6152.117
-6141.239
-6136.011
-6142.302
-6137.025
-6139.297
-6139.918
-6138.713
-6141.178
-6132.39
-6136.746
-6134.603
-6138.294
-6145.685
-6135.32
-6137.313
-6134.77
-6172.19
-6144.091
-6133.712
-6138.239
-6139.785
-6147.568
-6137.081
-6134.172
-6143.545
-6141.01
-6153.191
-6139.022
-6138.509
-6138.546
-6159.009
-6144.305
-6147.528
-6134.151
-6139.733
-6161.44
-6138.35
-6136.137
-6139.816
-6141.221
-6133.255
-6150.659
-6134.975
-6137.354
-6132.097
-6148.795
-6139.405
-6136.619
-6140.045
-6138.421
-6138.445
-6139.1
-6135.705
-6137.012
-6143.232
-6135.2
-6136.6
-6138.408
-6141.79
-6135.272
-6140.201
-6138.272
-6137.756
-6144.016
-6145.982
-6138.282
-6139.839
-6132.96
-6149.246
-6133.807
-6137.508
-6153.489
-6141.584
-6152.965
-6141.913
-6149.547
-6145.147
-6140.506
-6153.371
-6148.372
-6143.375
-6141.726
-6140.928
-6139.973
-6141.257
-6142.506
-6139.43
-6144.662
-6139.493
-6157.643
-6136.356
-6179.38
-6133.893
-6146.876
-6143.285
-6137.89
-6152.024
-6141.364
-6140.753
-6133.297
-6145.328
-6134.465
-6145.508
-6139.604
-6133.001
-6144.605
-6159.99
-6134.802
-6134.779
-6145.302
-6138.396
-6141.764
-6166.662
-6140.425
-6137.905
-6136.194
-6155.408
-6143.218
-6137.132
-6141.54
-6139.512
-6136.016
-6141.416
-6137.374
-6137.019
-6142.528
-6138.448
-6141.899
-6158.606
-6142.536
-6136.313
-6137.261
-6145.821
-6135.922
-6138.02
-6139.696
-6136.827
-6144.194
-6139.288
-6149.755
-6135.865
-6150.542
-6133.289
-6139.803
-6134.308
-6155.508
-6138.566
-6149.715
-6140.371
-6137.211
-6132.812
-6140.5
-6153.387
-6142.422
-6133.545
-6141.63
-6142.323
-6161.077
-6138.257
-6138.329
-6139.831
-6137.377
-6134.495
-6139.888
-6137.589
-6134.28
-6164.597
-6136.906
-6148.596
-6153.793
-6153.095
-6136.842
-6140.358
-6168.673
-6140.734
-6135.601
-6140.263
-6149.434
-6144.962
-6145.382
-6139.316
-6148.11
-6139.94
-6146.88
-6134.813
-6148.833
-6135.551
-6133.56
-6142.229
-6135.685
-6138.749
-6159.034
-6142.019
-6138.627
-6138.096
-6135.612
-6143.226
-6141.244
-6143.667
-6144.365
-6148.017
-6144.037
-6141.16
-6139.092
-6145.27
-6132.395
-6139.399
-6145.101
-6137.005
-6134.46
-6136.478
-6136.678
-6140.682
-6137.651
-6146.296
-6139.721
-6155.758
-6140.043
-6139.999
-6149.953
-6132.529
-6135.747
-6133.78
-6135.67
-6133.803
-6142.764
-6139.728
-6140.529
-6148.329
-6141.402
-6140.018
-6137.268
-6141.577
-6147.621
-6155.637
-6140.465
-6137.816
-6136.167
-6146.986
-6140.588
-6147.242
-6131.407
-6140.182
-6131.916
-6137.828
-6132.22
-6136.332
-6142.441
-6138.529
-6141.549
-6131.662
-6144.982
-6133.606
-6131.493
-6137.216
-6143.235
-6134.234
-6142.843
-6140.679
-6150.401
-6137.916
-6144.407
-6135.769
-6137.336
-6144.832
-6133.508
-6135.732
-6134.393
-6139.637
-6138.854
-6134.811
-6135.574
-6135.513
-6138.285
-6136.069
-6136.344
-6141.638
-6144.647
-6136.859
-6144.05
-6137.849
-6138.025
-6131.582
-6144.735
-6146.561
-6142.482
-6133.953
-6139.474
-6140.604
-6138.718
-6138.497
-6135.055
-6133.969
-6137.473
-6136.602
-6133.845
-6150.442
-6140.497
-6140.898
-6137.779
-6137.047
-6146.48
-6155.66
-6146.828
-6142.237
-6132.745
-6136.799
-6143.686
-6139.08
-6131.857
-6141.81
-6138.822
-6139.884
-6145.35
-6136.046
-6135.723
-6136.044
-6147.876
-6134.682
-6145.933
-6144.051
-6147.336
-6134.257
-6141.391
-6148.009
-6138.757
-6137.128
-6141.824
-6138.327
-6137.801
-6142.801
-6135.28
-6134.583
-6174.295
-6154.922
-6135.282
-6146.763
-6134.945
-6142.86
-6131.292
-6132.181
-6136.83
-6135.488
-6156.569
-6135.454
-6143.075
-6137.624
-6134.541
-6143.172
-6133.368
-6146.185
-6149.23
-6143.615
-6147.119
-6134.74
-6137.418
-6134.304
-6153.775
-6140.237
-6145.851
-6141.037
-6143.195
-6132.286
-6133.92
-6138.231
-6140.016
-6136.224
-6148.25
-6135.785
-6155.401
-6152.616
-6145.041
-6138.359
-6135.157
-6133.613
-6142.362
-6139.069
-6137.564
-6144.855
-6142.411
-6149.211
-6134.402
-6144.77
-6144.086
-6154.515
-6170.302
-6148.922
-6143.143
-6140.797
-6139.779
-6145.199
-6141.576
-6171.484
-6166.993
-6136.542
-6149.029
-6141.346
-6138.931
-6142.242
-6141.684
-6140.686
-6140.802
-6140.813
-6145.674
-6135.162
-6147.389
-6137.958
-6141.542
-6140.496
-6150.095
-6148.747
-6133.481
-6148.167
-6139.902
-6139.811
-6134.714
-6141.758
-6147.096
-6134.657
-6136.714
-6137.084
-6146.205
-6144.85
-6149.058
-6137.184
-6142.179
-6158.184
-6140.492
-6136.766
-6142.678
-6145.191
-6147.542
-6141.203
-6148.301
-6155.126
-6142.35
-6141.497
-6138.181
-6154
-6146.783
-6157.139
-6139.891
-6134.715
-6152.085
-6135.308
-6148.884
-6143.968
-6148.921
-6137.912
-6140.248
-6174.077
-6145.911
-6147.424
-6136.125
-6143.216
-6161.337
-6153.722
-6147.474
-6139.181
-6136.608
-6136.935
-6142.019
-6135.937
-6144.23
-6166.055
-6136.478
-6152.761
-6134.617
-6143.382
-6146.007
-6140.856
-6153.778
-6146.609
-6135.168
-6138.815
-6132.727
-6142.586
-6142.433
-6142.06
-6131.146
-6144.403
-6145.937
-6131.918
-6135.453
-6132.674
-6140.725
-6133.203
-6142.304
-6139.511
-6138.723
-6152.93
-6136.116
-6134.213
-6139.11
-6137.694
-6136.904
-6144.01
-6145.497
-6144.424
-6148.274
-6138.836
-6143.562
-6139.796
-6142.321
-6141.462
-6158.074
-6136.416
-6139.921
-6140.648
-6139.648
-6147.861
-6132.239
-6144.062
-6148.843
-6142.054
-6155.642
-6142.18
-6133.387
-6137.192
-6136.806
-6140.795
-6140.862
-6144.01
-6130.355
-6153.318
-6135.155
-6132.418
-6133.77
-6135.047
-6137.821
-6136.717
-6137.61
-6140.076
-6134.853
-6143.317
-6138.621
-6140.336
-6143.741
-6142.292
-6142.876
-6132.578
-6158.133
-6146.718
-6138.183
-6144.056
-6135.021
-6142.924
-6142.172
-6146.932
-6147.37
-6143.758
-6135.919
-6167.549
-6142.505
-6149.806
-6142.248
-6133.159
-6161.306
-6145.754
-6146.29
-6135.505
-6138.782
-6132.64
-6141.401
-6133.96
-6131.311
-6136.604
-6137.511
-6136.778
-6134.705
-6135.868
-6134.35
-6140.059
-6136.343
-6143.684
-6144.821
-6137.613
-6137.503
-6140.364
-6136.028
-6169.797
-6135.03
-6145.003
-6153.853
-6131.138
-6143.984
-6136.639
-6141.547
-6146.925
-6137.355
-6147.918
-6134.232
-6138.435
-6138.96
-6143.51
-6148.977
-6134.921
-6138.075
-6141.056
-6139.133
-6136.959
-6139.915
-6143.176
-6132.164
-6135.303
-6146.863
-6143.996
-6134.438
-6135.57
-6140.939
-6135.856
-6135.62
-6145.702
-6134.03
-6142.13
-6134.551
-6133.078
-6134.074
-6174.18
-6142.931
-6145.278
-6134.667
-6143.846
-6140.168
-6142.055
-6132.191
-6144.284
-6163.604
-6133.941
-6138.991
-6139.686
-6139.062
-6133.096
-6134.554
-6148.301
-6141.391
-6139.982
-6142.388
-6139.948
-6132.976
-6133.694
-6139.813
-6143.548
-6139.498
-6136.168
-6144.925
-6134.111
-6142.229
-6134.15
-6140.572
-6139.066
-6136.319
-6149.61
-6148.255
-6139.965
-6131.654
-6133.747
-6136.959
-6146.327
-6146.154
-6143.577
-6162.469
-6147.16
-6134.823
-6139.203
-6140.952
-6139.996
-6140.861
-6140.128
-6135.062
-6143.525
-6142.853
-6143.907
-6140.678
-6133.381
-6143.806
-6153.11
-6139.6
-6144.184
-6135.337
-6160.333
-6139.206
-6133.657
-6134.855
-6154.843
-6141.376
-6135.356
-6135.367
-6145.754
-6138.463
-6136.843
-6156.909
-6136.883
-6137.917
-6145.389
-6153.452
-6135.916
-6141.396
-6153.476
-6147.895
-6153.574
-6141.1
-6149.648
-6136.394
-6139.223
-6132.795
-6137.783
-6140.029
-6145.715
-6146.673
-6138.073
-6156.591
-6139.61
-6137.946
-6152.246
-6136.541
-6152.196
-6145.722
-6139.602
-6146.157
-6144.409
-6138.528
-6162.949
-6140.477
-6147.64
-6155.753
-6137.663
-6140.491
-6146.99
-6141.271
-6136.612
-6158.755
-6139.166
-6136.22
-6141.195
-6143.997
-6142.36
-6144.55
-6147.829
-6144.022
-6155.742
-6139.421
-6143.125
-6139.681
-6140.492
-6139.009
-6141.436
-6135.283
-6139.2
-6144.616
-6135.357
-6134.901
-6139.986
-6132.052
-6135.792
-6135.895
-6142.532
-6136.485
-6160.016
-6139.413
-6149.663
-6142.973
-6137.873
-6134.811
-6135.119
-6143.834
-6149.066
-6138.795
-6153.324
-6144.252
-6135.622
-6138.504
-6135.008
-6139.409
-6139.394
-6134.512
-6135.302
-6144.929
-6135.005
-6134.097
-6154.748
-6134.488
-6139.356
-6139.083
-6139.252
-6141.048
-6145.396
-6133.52
-6135.726
-6144.91
-6149.681
-6160.366
-6143.482
-6140.72
-6138.273
-6133.201
-6132.272
-6138.329
-6133.499
-6147.932
-6139.837
-6134.706
-6141.467
-6139.436
-6157.958
-6157.245
-6145.936
-6158.736
-6145.396
-6137.588
-6146.1
-6142.046
-6135.707
-6133.716
-6150.625
-6136.865
-6139.275
-6137.205
-6143.743
-6139.477
-6136.332
-6137.749
-6140.058
-6135.864
-6138.609
-6136.79
-6139.958
-6145.202
-6134.912
-6136.029
-6154.986
-6155.826
-6143.754
-6134.891
-6141.833
-6138.86
-6141.238
-6142.765
-6135.95
-6136.86
-6137.219
-6133.105
-6139.476
-6132.494
-6142.95
-6136.19
-6136.481
-6147.719
-6135.714
-6136.13
-6140.403
-6152.414
-6140.968
-6137.655
-6136.038
-6139.931
-6142.412
-6138.635
-6153.437
-6140.941
-6142.548
-6135.058
-6141.484
-6145.033
-6136.118
-6138.342
-6133.762
-6134.671
-6131.556
-6134.959
-6142.216
-6140.938
-6158.99
-6141.831
-6147.974
-6141.56
-6135.48
-6139.222
-6143.607
-6168.182
-6139.492
-6144.238
-6148.405
-6148.826
-6133.573
-6136.79
-6138.409
-6138.499
-6142.081
-6137.688
-6166.91
-6136.086
-6147.073
-6134.975
-6152.236
-6136.299
-6148.413
-6135.403
-6138.873
-6144.761
-6157.134
-6148.396
-6140.04
-6137.602
-6143.216
-6151.523
-6152.122
-6144.805
-6147.335
-6141.514
-6152.242
-6148.688
-6135.753
-6137.839
-6141.258
-6153.035
-6146.92
-6154.753
-6145.503
-6135.319
-6150.715
-6139.541
-6153.652
-6145.317
-6139.155
-6145.978
-6155.612
-6152.573
-6151.238
-6139.233
-6137.256
-6135.815
-6154.273
-6136.723
-6133.895
-6136.52
-6171.8
-6150.255
-6138.161
-6139.378
-6143.308
-6140.264
-6140.78
-6137.81
-6132.697
-6143.369
-6145.787
-6140.529
-6138.474
-6150.687
-6143.775
-6141.242
-6139.146
-6141.949
-6158.89
-6148.908
-6137.482
-6141.819
-6139.287
-6134.228
-6159.59
-6143.887
-6137.54
-6153.435
-6145.38
-6138.718
-6141.156
-6138.899
-6140.995
-6144.533
-6148.949
-6135.316
-6138.966
-6166.682
-6145.658
-6141.399
-6139.547
-6136.716
-6142.42
-6132.136
-6142.281
-6138.738
-6145.082
-6137.415
-6135.892
-6142.056
-6134.532
-6138.87
-6145.236
-6150.274
-6155.486
-6144.081
-6153.604
-6142.331
-6140.814
-6138.793
-6145.987
-6149.529
-6139.535
-6138.792
-6144.82
-6152.609
-6146.486
-6144.539
-6136.671
-6141.962
-6139.074
-6139.838
-6137.686
-6141.025
-6132.023
-6144.036
-6135.741
-6141.019
-6153.243
-6135.454
-6143.348
-6159.958
-6142.503
-6138.15
-6143.422
-6131.157
-6142.41
-6132.506
-6160.659
-6134.133
-6149.485
-6140.091
-6138.832
-6137.27
-6141.339
-6148.414
-6139.806
-6148.1
-6156.456
-6139.801
-6141.687
-6141.734
-6134.715
-6159.163
-6135.104
-6137.294
-6138.523
-6143.324
-6152.003
-6139.292
-6143.622
-6133.575
-6137.923
-6133.82
-6133.955
-6138.866
-6130.83
-6138.47
-6136.43
-6138.085
-6138.905
-6136.317
-6142.755
-6139.932
-6138.516
-6133.047
-6135.827
-6140.318
-6139.942
-6131.197
-6146.334
-6136.473
-6146.227
-6142.357
-6141.703
-6148.896
-6139.016
-6144.091
-6141.501
-6138.272
-6135.015
-6134.808
-6136.747
-6153.328
-6135.925
-6141.288
-6142.653
-6135.953
-6137.767
-6144.558
-6137.145
-6144.493
-6143.368
-6159.583
-6134.135
-6134.427
-6132.005
-6138.486
-6145.724
-6131.817
-6149.306
-6133.86
-6140.489
-6139.048
-6139.277
-6134.701
-6140.139
-6149.608
-6137.623
-6142.903
-6138.183
-6142.289
-6138.137
-6141.804
-6136.445
-6144.454
-6137.761
-6142.402
-6137.203
-6143.207
-6138.139
-6135.341
-6153.058
-6133.203
-6146.938
-6141.574
-6141.317
-6136.461
-6148.998
-6138.989
-6143.184
-6145.357
-6144.241
-6138.273
-6143.285
-6140.202
-6160.656
-6136.41
-6143.62
-6139.449
-6137.173
-6132.431
-6145.671
-6136.37
-6134.149
-6144.878
-6134.911
-6151.953
-6140.522
-6147.662
-6133.402
-6133.011
-6138.512
-6131.739
-6135.605
-6130.95
-6157.456
-6133.62
-6138.658
-6152.028
-6164.105
-6137.771
-6159.842
-6135.283
-6137.847
-6136.224
-6148.705
-6134.939
-6131.714
-6134.079
-6157.711
-6139.402
-6142.654
-6135.514
-6145.082
-6135.389
-6135.872
-6132.465
-6134.643
-6132.295
-6133.559
-6135.744
-6146.237
-6152.731
-6132.767
-6132.604
-6147.95
-6140.578
-6132.85
-6133.959
-6134.77
-6138.566
-6147.587
-6141.344
-6143.54
-6145.481
-6135.814
-6193.678
-6134.604
-6137.313
-6151.578
-6135.168
-6134.123
-6137.88
-6136.201
-6139.706
-6138.553
-6135.806
-6138.966
-6134.374
-6139.048
-6135.397
-6136.951
-6145.731
-6134.851
-6139.453
-6142.819
-6144.011
-6144.235
-6136.487
-6131.545
-6137.723
-6134.606
-6137.351
-6135.91
-6141.572
-6133.558
-6133.937
-6138.928
-6138.783
-6138.73
-6146.873
-6133.41
-6132.693
-6132.059
-6144.476
-6136.431
-6151.599
-6150.922
-6138.852
-6156.642
-6135.032
-6151.82
-6131.922
-6134.6
-6147.15
-6135.582
-6137.919
-6134.046
-6137.788
-6135.985
-6134.321
-6148.428
-6132.205
-6150.089
-6136.75
-6145.445
-6143.887
-6154.397
-6137.092
-6143.041
-6141.86
-6141.358
-6141.437
-6134.567
-6165.367
-6133.849
-6138.323
-6139.576
-6136.384
-6138.015
-6146.397
-6157.594
-6148.365
-6149.245
-6151.325
-6147.998
-6162.493
-6133.457
-6138.656
-6151.62
-6139.51
-6135.23
-6137.759
-6163.181
-6135.097
-6133.447
-6138.069
-6137.172
-6135.243
-6148.103
-6139.407
-6135.279
-6141.933
-6143.117
-6144.149
-6143.379
-6139.407
-6143.047
-6144.518
-6137.089
-6164.075
-6150.05
-6141.231
-6136.243
-6138.788
-6141.647
-6140.074
-6151.129
-6149.893
-6158.297
-6149.383
-6152.614
-6135.242
-6142.892
-6136.247
-6132.598
-6137.279
-6138.019
-6145.459
-6140.41
-6138.996
-6150.168
-6138.659
-6141.234
-6135.566
-6132.061
-6134.853
-6157.283
-6138.777
-6147.619
-6145.161
-6150.874
-6134.9
-6138.705
-6135.002
-6140.079
-6142.364
-6137.128
-6138.377
-6150.287
-6149.989
-6136.502
-6144.109
-6138.746
-6136.842
-6175.565
-6150.211
-6142.799
-6135.421
-6134.916
-6171.389
-6138.256
-6139.306
-6142.526
-6150.375
-6138.931
-6136.387
-6159.317
-6160.259
-6159.63
-6136.59
-6152.513
-6153.687
-6142.493
-6134.327
-6161.506
-6139.58
-6139.263
-6149.592
-6138.764
-6146.918
-6144.13
-6137.331
-6140.141
-6142.776
-6134.181
-6146.199
-6140.385
-6141.861
-6141.02
-6135.747
-6147.562
-6139.675
-6145.04
-6141.691
-6142.858
-6137.504
-6145.443
-6139.76
-6156.876
-6150.125
-6143.655
-6152.634
-6134.996
-6136.728
-6144.254
-6158.787
-6144.553
-6145.642
-6141.932
-6144.159
-6143.515
-6167.116
-6151.147
-6135.754
-6144.06
-6138.935
-6141.908
-6139.435
-6152.654
-6136.727
-6182.312
-6147.694
-6151.303
-6140.094
-6140.805
-6145.816
-6135.363
-6147.111
-6148.461
-6140.621
-6142.988
-6138.056
-6137.806
-6138.109
-6153.945
-6148.847
-6141.355
-6135.971
-6140.766
-6148.12
-6140.986
-6147.388
-6144.337
-6142.703
-6143.311
-6140.795
-6147.874
-6155.655
-6136.943
-6151.777
-6139.355
-6140.418
-6139.907
-6145.823
-6145.625
-6143.32
-6154.523
-6137.279
-6135.456
-6139.091
-6141.959
-6142.536
-6137.404
-6144.6
-6142.795
-6141.682
-6136.471
-6142.632
-6139.78
-6150.135
-6143.036
-6136.412
-6138.278
-6158.913
-6146.674
-6135.766
-6146.094
-6149.02
-6151.88
-6145.734
-6140.875
-6138.631
-6145.687
-6162.083
-6145.093
-6154.262
-6136.856
-6141.803
-6153.464
-6143.003
-6170.308
-6144.211
-6169.099
-6135.382
-6138.377
-6136.125
-6151.548
-6137.327
-6144.173
-6144.848
-6140.997
-6142.684
-6151.079
-6137.876
-6143.079
-6144.499
-6146.993
-6135.137
-6152.558
-6138.351
-6141.307
-6134.835
-6137.231
-6150.831
-6136.786
-6146.675
-6149.678
-6137.159
-6140.584
-6142.1
-6141.341
-6158.235
-6139.62
-6147.077
-6143.736
-6159.9
-6143.246
-6138.226
-6154.13
-6146.042
-6137.052
-6150.17
-6138.908
-6137.211
-6145.409
-6144.477
-6136.597
-6156.622
-6139.186
-6133.189
-6133.532
-6140.083
-6157.201
-6144.264
-6146.553
-6150.887
-6142.226
-6136.85
-6136.619
-6140.275
-6142.634
-6143.506
-6143.107
-6142.216
-6149.575
-6140.067
-6152.337
-6135.902
-6142.42
-6142.873
-6136.106
-6136.646
-6142.139
-6138.714
-6135.91
-6143.82
-6148.241
-6139.302
-6135.982
-6161.221
-6137.779
-6151.527
-6133.976
-6141.677
-6161.009
-6132.739
-6141.508
-6134.569
-6132.662
-6148.43
-6141.428
-6132.898
-6145.3
-6133.114
-6138.91
-6164.069
-6138.828
-6132.63
-6147.162
-6140.129
-6138.354
-6160.567
-6134.939
-6140.508
-6143.69
-6150.728
-6165.621
-6156.87
-6137.513
-6153.988
-6137.103
-6140.463
-6138.623
-6157.534
-6142.121
-6157.289
-6138.499
-6144.912
-6138.537
-6135.821
-6154.606
-6138.489
-6139.12
-6147.467
-6139.447
-6138.804
-6143.945
-6145.103
-6141.792
-6140.091
-6142.2
-6134.896
-6135.714
-6143.685
-6137.83
-6139.806
-6146.609
-6134.377
-6142.695
-6133.036
-6148.248
-6136.277
-6181.55
-6132.431
-6139.031
-6140.48
-6140.35
-6157.506
-6145.716
-6143.229
-6135.731
-6139.443
-6141.574
-6139.951
-6142.5
-6139.803
-6135.579
-6138.649
-6132.459
-6144.731
-6136.566
-6149.328
-6140.41
-6136.853
-6131.926
-6150.967
-6153.139
-6132.014
-6139.303
-6138.674
-6146.251
-6136.172
-6139.87
-6140.115
-6142.521
-6145.931
-6154.073
-6153.856
-6136.151
-6140.335
-6139.608
-6139.493
-6148.226
-6139.816
-6147.358
-6148.894
-6138.902
-6137.036
-6144.96
-6137.233
-6146.778
-6145.625
-6141.851
-6145.254
-6138.753
-6138.497
-6139.21
-6139.148
-6143.539
-6153.521
-6136.774
-6135.599
-6139.975
-6144.622
-6149.79
-6142.942
-6142.83
-6138.617
-6137.751
-6136.919
-6142.561
-6134.784
-6138.193
-6139.684
-6153.052
-6131.545
-6136.457
-6137.418
-6145.033
-6149.131
-6141.273
-6134.718
-6148.923
-6142.474
-6146.861
-6141.064
-6149.263
-6150.111
-6138.564
-6133.333
-6139.681
-6139.373
-6142.739
-6155.911
-6146.755
-6138.825
-6146.112
-6148.523
-6134.582
-6132.996
-6140.778
-6133.471
-6147.991
-6145.65
-6148.148
-6143.469
-6138.083
-6143.722
-6143.156
-6141.042
-6132.324
-6132.365
-6137.022
-6139.758
-6135.69
-6137.787
-6149.483
-6133.706
-6136.42
-6159.599
-6134.642
-6155.802
-6137.835
-6162.413
-6133.531
-6151.104
-6134.084
-6141.672
-6152.007
-6137.159
-6142.506
-6134.635
-6143.564
-6157.264
-6135.251
-6150.43
-6142.178
-6139.998
-6148.109
-6137.801
-6138.476
-6145.801
-6144.547
-6139.324
-6144.497
-6141.566
-6143.337
-6138.611
-6174.684
-6142.063
-6154.623
-6153.224
-6154.912
-6149.172
-6142.28
-6138.237
-6155.504
-6153.16
-6137.405
-6140.951
-6138.594
-6145.649
-6147.112
-6142.599
-6163.086
-6143.802
-6139.523
-6140.767
-6139.514
-6142.903
-6135.689
-6137.668
-6138.722
-6138.275
-6154.065
-6157.465
-6184.012
-6149.815
-6140.546
-6143.698
-6136.344
-6150.896
-6147.606
-6146.009
-6142.987
-6149.304
-6139.447
-6142.304
-6139.039
-6138.813
-6145.483
-6140.579
-6147.412
-6140.848
-6143.592
-6146.31
-6138.77
-6149.868
-6139.428
-6137.386
-6142.458
-6143.808
-6144.085
-6143.014
-6146.521
-6147.607
-6138.333
-6156.144
-6140.988
-6144.964
-6147.668
-6140.009
-6143.917
-6135.252
-6151.051
-6141.597
-6139.453
-6139.008
-6142.259
-6136.622
-6140.287
-6136.331
-6162.169
-6142.665
-6141.583
-6166.137
-6139.7
-6145.46
-6148.806
-6142.875
-6141.954
-6139.374
-6139.941
-6142.355
-6133.186
-6136.591
-6138.689
-6133.928
-6139.186
-6141.26
-6145.158
-6134.801
-6142.043
-6145.194
-6140.76
-6153.486
-6151.049
-6164.044
-6135.607
-6135.186
-6144.864
-6143.919
-6137.465
-6139.485
-6144.951
-6143.307
-6140.48
-6141.895
-6137.796
-6146.23
-6139.368
-6143.173
-6139.417
-6146.703
-6135.819
-6135.256
-6152.44
-6145.472
-6138.75
-6139.909
-6142.302
-6138.606
-6137.881
-6141.871
-6135.669
-6140.375
-6140.055
-6142.742
-6141.445
-6138.211
-6144.451
-6143.31
-6146.862
-6140.036
-6137.221
-6137.37
-6164.694
-6143.278
-6137.597
-6137.205
-6133.698
-6141.91
-6138.683
-6141.682
-6142.521
-6143.523
-6142.374
-6139.132
-6139.212
-6139.386
-6138.387
-6141.154
-6148.757
-6142.925
-6144.5
-6144.248
-6138.367
-6149.249
-6137.298
-6138.142
-6139.173
-6138.951
-6139.114
-6140.443
-6136.138
-6147.796
-6154.209
-6145.6
-6141.985
-6137.894
-6134.396
-6151.933
-6149.139
-6141.541
-6147.524
-6137.621
-6159.652
-6142.283
-6148.111
-6142.097
-6133.316
-6194.704
-6142.461
-6141.838
-6151.486
-6138.242
-6135.613
-6139.791
-6135.431
-6138.241
-6142.82
-6137.978
-6138.526
-6136.696
-6142.815
-6148.504
-6135.906
-6141.347
-6142.841
-6140.793
-6134.017
-6149.89
-6148.546
-6144.604
-6137.593
-6136.567
-6144.264
-6136.521
-6133.826
-6139.051
-6151.828
-6149.741
-6144.272
-6138.664
-6137.052
-6142.909
-6136.901
-6135.418
-6143.383
-6159.142
-6137.442
-6147.78
-6138.195
-6134.955
-6136.982
-6133.717
-6139.617
-6140.925
-6135.033
-6133.072
-6146.203
-6162.085
-6145.012
-6137.663
-6135.323
-6142.288
-6140.491
-6135.216
-6134.668
-6143.225
-6165.85
-6138.046
-6136.262
-6141.495
-6138.362
-6157.031
-6135.248
-6143.023
-6140.575
-6135.189
-6135.699
-6135.451
-6142.955
-6140.388
-6132.228
-6155.424
-6144.868
-6138.935
-6144.142
-6142.578
-6130.94
-6140.747
-6137.475
-6139.572
-6140.932
-6142.251
-6133.762
-6139.223
-6139.992
-6137.103
-6138.106
-6140.674
-6145.127
-6135.119
-6137.888
-6141.925
-6157.772
-6149.585
-6135.807
-6135.15
-6131.358
-6135.361
-6140.47
-6130.306
-6136.462
-6135.633
-6140.207
-6133.21
-6141.735
-6168.732
-6135.301
-6135.445
-6134.965
-6141.122
-6138.557
-6150.135
-6158.925
-6138.9
-6136.364
-6139.746
-6136.836
-6139.031
-6140.571
-6136.098
-6142.695
-6136.405
-6134.268
-6142.631
-6137.276
-6138.81
-6137.817
-6136.544
-6135.086
-6135.817
-6144.725
-6133.002
-6136.962
-6149.701
-6147.54
-6140.755
-6135.295
-6134.251
-6136.484
-6144.477
-6138.216
-6136.609
-6156.979
-6166.718
-6154.873
-6136.047
-6134.19
-6137.454
-6153.942
-6133.256
-6148.845
-6135.608
-6136.829
-6140.291
-6132.728
-6144.132
-6136.006
-6131.98
-6131.45
-6136.051
-6135.219
-6138.697
-6139.25
-6132.163
-6140.106
-6139.355
-6134.388
-6137.625
-6141.044
-6135.677
-6132.604
-6164.088
-6140.098
-6137.062
-6136.522
-6142.645
-6142.531
-6140.85
-6133.989
-6144.378
-6179.332
-6134.687
-6135.373
-6137.011
-6143.982
-6145.667
-6133.644
-6154.547
-6147.558
-6139.042
-6158.133
-6138.136
-6139.148
-6133.58
-6161.169
-6137.731
-6142.411
-6139.151
-6132.283
-6136.725
-6134.768
-6130.793
-6135.356
-6136.945
-6132.594
-6133.979
-6135.691
-6143.425
-6134.715
-6136.3
-6150.757
-6135.272
-6148.341
-6138.552
-6141.53
-6139.422
-6134.028
-6136.854
-6172.345
-6137.679
-6133.679
-6135.828
-6134.62
-6188.37
-6155.045
-6132.5
-6134.62
-6161.94
-6136.206
-6134.966
-6132.621
-6139.73
-6148.886
-6140.541
-6138.415
-6141.213
-6153.675
-6139.823
-6142.507
-6142.388
-6144.204
-6135.833
-6146.828
-6133.875
-6147.132
-6132.422
-6131.35
-6135.984
-6151.078
-6140.65
-6136.589
-6136.788
-6135.839
-6138.767
-6137.783
-6134.386
-6137.082
-6136.404
-6138.851
-6145.953
-6137.304
-6146.124
-6136.805
-6137.008
-6133.352
-6149.738
-6140.766
-6141.241
-6134.644
-6136.23
-6138.765
-6134.414
-6135.363
-6144.562
-6138.639
-6136.084
-6136.769
-6140.302
-6140.511
-6137.433
-6153.095
-6148.55
-6154.402
-6161.264
-6133.38
-6137.17
-6132.054
-6143.353
-6136.03
-6160.325
-6137.058
-6140.084
-6159.1
-6143.007
-6149.033
-6137.29
-6157.548
-6143.968
-6133.911
-6136.544
-6153.179
-6147.445
-6144.474
-6148.359
-6166.264
-6155.255
-6142.932
-6143.496
-6138.432
-6143.757
-6149.709
-6134.785
-6140.935
-6133.405
-6141.74
-6141.239
-6143.703
-6142.685
-6144.889
-6133.556
-6142.721
-6136.441
-6137.354
-6138.21
-6136.697
-6162.23
-6140.158
-6138.717
-6138.581
-6142.304
-6134.413
-6137.769
-6142.343
-6145.955
-6143.788
-6156.992
-6154.188
-6137.295
-6157.849
-6137.04
-6138.677
-6156.802
-6139.904
-6135.71
-6153.62
-6167.094
-6137.569
-6135.496
-6137.532
-6149.648
-6145.694
-6143.182
-6155.616
-6156.549
-6137.611
-6138.822
-6148.425
-6156.049
-6149.88
-6146.202
-6142.165
-6146.897
-6137.025
-6136.648
-6141.317
-6140.982
-6140.406
-6144.394
-6137.384
-6143.655
-6139.817
-6158.335
-6139.026
-6139.761
-6145.797
-6146.395
-6136.807
-6141.291
-6138.723
-6139.209
-6156.886
-6150.068
-6151
-6135.726
-6146.327
-6138.857
-6141.135
-6156.219
-6142.723
-6146.703
-6139.197
-6145.596
-6137.097
-6168.723
-6156.979
-6151.323
-6143.246
-6143.385
-6143.028
-6139.839
-6154.717
-6180.546
-6136.048
-6142.332
-6149.214
-6167.441
-6135.428
-6139.946
-6148.54
-6141.843
-6138.53
-6140.856
-6139.463
-6142.11
-6142.556
-6138.14
-6143.052
-6152.186
-6146.52
-6139.463
-6144.731
-6155.105
-6145.389
-6140.577
-6145.306
-6157.443
-6160.947
-6143.382
-6146.299
-6146.337
-6150.588
-6139.859
-6146.22
-6144.253
-6134.628
-6143.215
-6155.346
-6140.043
-6174.886
-6133.888
-6139.098
-6134.699
-6142.51
-6175.581
-6134.52
-6142.623
-6135.774
-6145.255
-6139.295
-6139.545
-6141.955
-6144.693
-6138.799
-6164.691
-6143.511
-6145.701
-6146.659
-6147.495
-6146.694
-6149.894
-6146.759
-6154.267
-6153.078
-6156.991
-6141.191
-6135.922
-6144.395
-6150.236
-6137.596
-6146.22
-6136.114
-6147.754
-6139.602
-6137.349
-6142.861
-6151.705
-6139.394
-6155.143
-6137.68
-6149.376
-6141.524
-6137.148
-6145.18
-6157.872
-6149.249
-6136
-6146.382
-6170.614
-6142.183
-6144.702
-6142.321
-6150.244
-6148.053
-6145.454
-6139.538
-6138.353
-6148.355
-6139.011
-6142.673
-6157.529
-6160.1
-6149.351
-6152.487
-6139.006
-6137.558
-6141.271
-6141.377
-6133.91
-6142.387
-6139.607
-6144.293
-6134.082
-6140.465
-6139.354
-6150.747
-6134.741
-6136.82
-6141.873
-6134.801
-6138.182
-6141.121
-6141.647
-6170.382
-6143.902
-6146.703
-6141.534
-6136.921
-6146.914
-6141.582
-6141.505
-6135.67
-6145.08
-6135.47
-6143.64
-6144.375
-6142.405
-6142.031
-6137.137
-6135.914
-6148.974
-6154.936
-6143.281
-6144.828
-6144.096
-6136.886
-6158.387
-6154.065
-6146.855
-6142.542
-6145.192
-6154.87
-6158.444
-6145.105
-6171.131
-6141.75
-6136.018
-6137.388
-6140.006
-6138.995
-6152.83
-6173.817
-6145.622
-6154.507
-6159.027
-6166.703
-6137.968
-6137.243
-6142.901
-6142.062
-6155.761
-6151.668
-6144.234
-6146.702
-6157.968
-6135.983
-6145.161
-6138.432
-6168.861
-6151.87
-6150.263
-6140.024
-6135.62
-6167.145
-6144.878
-6168.428
-6139.76
-6135.202
-6135.082
-6159.253
-6145.42
-6174.011
-6145.053
-6138.989
-6157.361
-6167.459
-6156.788
-6154.112
-6144.392
-6147.939
-6139.109
-6142.587
-6147.459
-6149.131
-6147.511
-6155.882
-6154.512
-6138.786
-6150.185
-6145.975
-6153.634
-6146.235
-6169.235
-6166.938
-6164.477
-6153.725
-6147.363
-6142.177
-6144.186
-6143.912
-6143.988
-6147.82
-6141.05
-6147.147
-6135.115
-6137.893
-6138.638
-6140.713
-6140.67
-6145.255
-6138.733
-6144.818
-6142.13
-6147.652
-6148.087
-6156.056
-6138.144
-6157.873
-6170.149
-6149.425
-6134.571
-6150.307
-6133.279
-6181.118
-6142.716
-6137.99
-6142.102
-6135.411
-6140.437
-6142.587
-6136.213
-6145.164
-6139.391
-6145.417
-6144.735
-6159.219
-6135.783
-6156.571
-6138.051
-6135.965
-6142.634
-6137.109
-6145.194
-6142.155
-6148.717
-6150.515
-6156.563
-6138.938
-6137.758
-6149.856
-6148.565
-6153.994
-6144.777
-6134.689
-6134.646
-6136.481
-6143.075
-6138.815
-6131.976
-6140.076
-6144.078
-6134.202
-6137.199
-6134.673
-6143.079
-6135.474
-6137.94
-6141.11
-6135.077
-6138.797
-6137.586
-6131.107
-6150.793
-6143.809
-6140.854
-6162.547
-6134.667
-6132.862
-6137.374
-6167.48
-6136.392
-6135.94
-6133.867
-6137.737
-6139.407
-6138.221
-6137.786
-6142.272
-6137.461
-6135.372
-6142.596
-6151.331
-6137.834
-6166.446
-6134.476
-6138.044
-6140.258
-6148.093
-6142.516
-6143.615
-6140.936
-6153.35
-6143.805
-6138.149
-6147.129
-6155.606
-6143.504
-6148.417
-6135.898
-6136.522
-6137.141
-6134.27
-6149.539
-6136.266
-6136.941
-6136.461
-6143.683
-6162.431
-6149.677
-6150.091
-6134.045
-6134.263
-6146.818
-6149.899
-6133.849
-6136.867
-6142.772
-6139.475
-6137.84
-6137.813
-6143.851
-6135.652
-6134.509
-6139.52
-6147.731
-6138.036
-6136.067
-6142.95
-6149.691
-6146.424
-6159.309
-6138.267
-6138.38
-6141.204
-6149.998
-6147.855
-6143.069
-6144.075
-6141.463
-6138.286
-6146.072
-6135.567
-6146.713
-6140.614
-6136.786
-6142.676
-6136.331
-6139.328
-6161.466
-6138.447
-6142.268
-6137.081
-6141.217
-6140.961
-6134.323
-6139.304
-6137.714
-6136.847
-6139.103
-6136.847
-6139.03
-6149.774
-6164.622
-6141.636
-6152.861
-6146.521
-6146.276
-6142.986
-6148.332
-6148.576
-6156.546
-6145.809
-6160.494
-6163.033
-6159.134
-6158.033
-6151.373
-6137.034
-6144.653
-6143.942
-6143.035
-6150.364
-6147.781
-6136.769
-6140.555
-6149.277
-6138.435
-6143.473
-6148.311
-6136.391
-6143.422
-6141.778
-6134.018
-6140.34
-6142.235
-6135.941
-6136.824
-6138.385
-6148.814
-6134.913
-6136.628
-6142.588
-6143.534
-6149.064
-6143.166
-6136.806
-6149.115
-6136.997
-6135.768
-6134.776
-6133.869
-6157.882
-6136.035
-6139.494
-6142.928
-6141.981
-6138.202
-6133.045
-6143.719
-6145.512
-6139.262
-6137.554
-6153.34
-6131.125
-6135.614
-6144.137
-6138.777
-6139.099
-6139.742
-6135.231
-6144.156
-6138.676
-6143.539
-6149.055
-6132.804
-6143.456
-6136.591
-6140.974
-6136.601
-6141.22
-6139.151
-6137.422
-6149.242
-6142.782
-6142.017
-6139.481
-6157.209
-6134.15
-6141.417
-6152.902
-6144.357
-6144.387
-6153.944
-6147.677
-6145.357
-6137.538
-6154.31
-6135.999
-6136.06
-6140.536
-6144.559
-6156.113
-6145.608
-6148.274
-6141.959
-6155.353
-6143.688
-6144.593
-6144.101
-6150.68
-6149.423
-6137.527
-6142.784
-6140.437
-6144.484
-6140.282
-6144.547
-6141.22
-6137.841
-6145.963
-6137.869
-6137.306
-6139.483
-6138.138
-6144.844
-6138.911
-6137.879
-6132.409
-6137.54
-6140.649
-6137.338
-6132.385
-6148.446
-6150.845
-6146.527
-6155.797
-6144.585
-6150.709
-6136.013
-6133.557
-6133.436
-6148.723
-6151.881
-6144.572
-6137.659
-6149.727
-6145.528
-6136.676
-6133.019
-6140.52
-6150.25
-6140.374
-6142.282
-6138.41
-6135.084
-6135.422
-6134.452
-6136.017
-6137.764
-6139.312
-6150.926
-6141.009
-6138.594
-6136.612
-6148.178
-6143.274
-6135.387
-6139.593
-6137.868
-6139.556
-6159.791
-6141.102
-6136.847
-6137.186
-6143.518
-6177.523
-6138.008
-6139.119
-6136.176
-6132.633
-6154.147
-6136.265
-6141.006
-6149.684
-6136.19
-6133.28
-6144.861
-6133.192
-6144.465
-6145.629
-6132.262
-6139.47
-6142.797
-6140.893
-6135.376
-6154.999
-6154.19
-6156.415
-6136.891
-6132.598
-6137.048
-6132.244
-6138.454
-6160.242
-6154.615
-6138.118
-6137.515
-6148.975
-6139.636
-6138.457
-6148.199
-6148.409
-6138.202
-6133.296
-6134.305
-6150.792
-6187.335
-6141.333
-6144.812
-6133.06
-6153.287
-6142.341
-6139.296
-6151.38
-6136.116
-6147.838
-6136.297
-6151.529
-6145.431
-6135.973
-6139.043
-6140.538
-6140.591
-6142.091
-6141.134
-6145.781
-6145.434
-6135.169
-6140.439
-6137.072
-6176.478
-6136.579
-6139.514
-6147.363
-6146.388
-6138.094
-6141.545
-6141.252
-6141.25
-6137.42
-6137.595
-6141.066
-6144.61
-6154.813
-6136.21
-6144.022
-6142.021
-6140.21
-6146.498
-6132.668
-6136.655
-6163.973
-6144.901
-6148.054
-6133.386
-6142.659
-6136.989
-6134.667
-6132.208
-6156.612
-6143.32
-6140.842
-6142.984
-6138.653
-6137.252
-6135.61
-6137.958
-6140.234
-6139.667
-6146.636
-6138.093
-6141.344
-6139.521
-6147.992
-6134.564
-6196.253
-6140.768
-6134.671
-6132.963
-6138.453
-6137.742
-6144.02
-6142.041
-6138.935
-6146.704
-6137.607
-6147.599
-6143.521
-6138.77
-6145.48
-6136.449
-6150.473
-6151.274
-6139.383
-6136.615
-6138.509
-6133.948
-6137.49
-6140.273
-6133.38
-6137.129
-6136.437
-6151.258
-6141.518
-6150.858
-6138.444
-6145.287
-6153.356
-6136.24
-6148.039
-6134.963
-6137.449
-6133.425
-6146.224
-6150.937
-6138.339
-6137.542
-6139.093
-6137.717
-6144.206
-6144.904
-6138.97
-6133.632
-6137.475
-6143.083
-6139.384
-6140.136
-6152.006
-6137.653
-6144.56
-6140.086
-6134.544
-6134.3
-6137.968
-6132.986
-6131.359
-6146.561
-6162.661
-6136.314
-6136.076
-6134.248
-6142.944
-6135.5
-6142.573
-6141.659
-6152.966
-6133.636
-6159.702
-6143.639
-6133.029
-6147.314
-6137.959
-6148.511
-6133.422
-6138.437
-6146.015
-6143.965
-6132.136
-6140.12
-6141.406
-6141.463
-6134.95
-6137.954
-6138.25
-6139.067
-6169.924
-6137.156
-6139.686
-6133.468
-6139.561
-6150.343
-6138.443
-6133.039
-6135.792
-6135.132
-6143.694
-6136.235
-6138.607
-6150.828
-6134.662
-6137.087
-6133.232
-6135.282
-6150.701
-6135.514
-6144.108
-6148.699
-6138.031
-6141.805
-6146.003
-6146.457
-6139.455
-6161.797
-6155.485
-6188.72
-6143.982
-6138.225
-6134.634
-6133.843
-6148.324
-6145.35
-6153.87
-6141.63
-6135.342
-6137.31
-6177.835
-6134.721
-6141.078
-6144.277
-6137.021
-6140.183
-6156.007
-6139.19
-6141.708
-6138.821
-6150.86
-6134.498
-6144.869
-6144.396
-6137.942
-6147.7
-6135.641
-6139.12
-6141.076
-6135.54
-6136.617
-6152.015
-6146.358
-6151.342
-6138.648
-6140.768
-6150.917
-6133.434
-6138.415
-6133.919
-6135.349
-6143.135
-6155.347
-6141.961
-6157.319
-6145.416
-6136.069
-6136.298
-6146.241
-6150.947
-6135.753
-6136.624
-6151.705
-6155.995
-6139.537
-6140.344
-6177.945
-6141.483
-6145.123
-6148.818
-6155.713
-6148.531
-6139.81
-6135.671
-6143.479
-6156.713
-6152.158
-6170.057
-6164.511
-6138.652
-6139.399
-6149.883
-6141.705
-6143.815
-6140.749
-6133.894
-6136.433
-6154.268
-6146.36
-6136.663
-6143.744
-6156.792
-6141.656
-6147.979
-6153.602
-6135.484
-6134.572
-6140.13
-6138.588
-6137.63
-6141.754
-6138.634
-6151.642
-6164.066
-6140.469
-6141.157
-6166.712
-6147.021
-6140.865
-6143.695
-6135.6
-6147.314
-6140.817
-6135.844
-6140.514
-6143.76
-6144.464
-6163.199
-6134.339
-6138.698
-6142.46
-6137.223
-6150.476
-6133.556
-6138.923
-6141.917
-6160.829
-6141.314
-6144.143
-6153.632
-6146.267
-6134.837
-6144.581
-6134.803
-6134.314
-6149.678
-6142.09
-6136.126
-6133.805
-6135.686
-6141.986
-6134.974
-6148.023
-6138.097
-6145.99
-6134.028
-6137.021
-6136.138
-6135.43
-6137.251
-6141.031
-6136.708
-6152.361
-6136.816
-6138.27
-6134.158
-6135.609
-6138.796
-6164.139
-6139.301
-6143.55
-6137.847
-6173.439
-6136.123
-6137.962
-6140.247
-6138.869
-6161.912
-6144.184
-6143.998
-6146.122
-6155.208
-6141.848
-6160.952
-6145.539
-6150.358
-6140.295
-6149.3
-6133.612
-6174.803
-6141.168
-6136.975
-6135.818
-6152.275
-6152.224
-6142.37
-6140.553
-6138.669
-6137.015
-6136.866
-6139.137
-6140.413
-6139.907
-6132.586
-6138.062
-6144.145
-6144.636
-6137.272
-6139.825
-6145.075
-6150.092
-6137.817
-6146.738
-6138.15
-6151.508
-6136.396
-6139.013
-6137.778
-6138.659
-6147.7
-6137.096
-6145.687
-6136.695
-6137.868
-6142.526
-6141.514
-6163.88
-6137.233
-6135.182
-6139.731
-6152.876
-6145.223
-6141.577
-6148.285
-6136.266
-6141.25
-6134.841
-6139.041
-6136.526
-6137.931
-6137.468
-6137.159
-6140.153
-6138.006
-6132.895
-6149.757
-6142.421
-6131.977
-6148.447
-6137.567
-6143.403
-6143.932
-6144.618
-6138.016
-6138.007
-6133.504
-6135.115
-6162.103
-6137.89
-6143.154
-6143.987
-6140.125
-6161.361
-6137.947
-6165.754
-6141.637
-6140.439
-6138.835
-6139.41
-6142.61
-6134.578
-6152.559
-6150.28
-6140.98
-6155.007
-6140.586
-6140.094
-6138.719
-6146.716
-6137.428
-6135.366
-6135.76
-6140.381
-6137.102
-6133.906
-6139.778
-6138.796
-6137.917
-6140.056
-6132.378
-6140.436
-6153.217
-6131.621
-6153.119
-6137.937
-6136.347
-6140.649
-6147.288
-6141.061
-6131.121
-6146.356
-6142.524
-6140.105
-6132.864
-6139.455
-6148.218
-6139.748
-6136.785
-6135.816
-6140.977
-6136.907
-6142.515
-6149.738
-6138.793
-6151.067
-6153.353
-6139.471
-6146.235
-6153.376
-6135.758
-6143.8
-6137.944
-6144.087
-6152.059
-6148.296
-6149.558
-6141.398
-6137.15
-6154.743
-6142.073
-6157.124
-6149.083
-6138.057
-6154.387
-6143.665
-6143.71
-6138.147
-6138.755
-6144.301
-6147.36
-6140.217
-6138.656
-6137.629
-6167.291
-6144.455
-6153.814
-6152.545
-6144.2
-6149.89
-6140.711
-6164.801
-6145.282
-6147.295
-6141.112
-6142.778
-6145.794
-6143.854
-6153.382
-6153.234
-6143.287
-6136.261
-6142.587
-6150.305
-6137.969
-6158.587
-6143.989
-6148.165
-6147.281
-6144.285
-6166.678
-6151.679
-6153.565
-6138.488
-6147.271
-6138.934
-6148.125
-6152.19
-6163.762
-6146.255
-6141.069
-6134.57
-6138.666
-6140.038
-6138.691
-6149.957
-6138.328
-6145.999
-6151.671
-6144.555
-6145.486
-6146.149
-6137.292
-6134.438
-6147.345
-6137.72
-6134.089
-6141.761
-6135.94
-6150.799
-6152.85
-6139.491
-6144.56
-6143.361
-6142.33
-6149.624
-6132.537
-6163.361
-6136.86
-6133.774
-6143.039
-6141.816
-6151.844
-6140.85
-6140.375
-6142.601
-6152.444
-6144.432
-6135.976
-6134.367
-6141.214
-6137.893
-6148.661
-6140.231
-6147.796
-6140.374
-6138.612
-6134.501
-6156.196
-6136.186
-6136.481
-6140.352
-6141.978
-6141.538
-6146.8
-6144.909
-6142.385
-6158.601
-6134.16
-6139.181
-6135.934
-6158.216
-6136.749
-6148.714
-6148.161
-6136.125
-6149.309
-6135.539
-6145.57
-6141.4
-6141.225
-6138.969
-6136.697
-6157.844
-6150.52
-6144.097
-6134.712
-6141.7
-6139.383
-6143.122
-6144.874
-6148.336
-6156.423
-6138.042
-6138.321
-6142.556
-6146.432
-6139.624
-6146.244
-6141.067
-6135.798
-6134.363
-6147.759
-6141.413
-6146.233
-6143.581
-6134.423
-6144.331
-6136.34
-6142.058
-6133.548
-6135.513
-6142.949
-6140.475
-6142.32
-6174.81
-6140
-6159.451
-6145.797
-6140.508
-6135.039
-6148.973
-6145.691
-6133.929
-6144.113
-6140.338
-6135.481
-6141.109
-6143.773
-6136.507
-6142.045
-6156.722
-6165.557
-6138.252
-6149.242
-6149.107
-6138.924
-6145.232
-6133.172
-6136.1
-6149.188
-6146.942
-6132.241
-6139.91
-6136.775
-6147.674
-6139.336
-6139.949
-6137.906
-6177.098
-6149.137
-6133.878
-6139.194
-6142.109
-6135.052
-6146.997
-6145.853
-6149.455
-6144.257
-6136.926
-6156.014
-6139.599
-6133.524
-6138.278
-6137.702
-6133.963
-6147.291
-6142.892
-6137.492
-6136.943
-6151.564
-6138.63
-6147.067
-6134.892
-6142.305
-6141.7
-6134.665
-6136.241
-6143.855
-6166.793
-6141.008
-6161.499
-6139.003
-6145.412
-6145.444
-6140.92
-6139.453
-6139.503
-6155.177
-6140.511
-6143.904
-6145.189
-6144.295
-6136.762
-6140.826
-6137.749
-6147.752
-6137.029
-6146.923
-6144.965
-6138.641
-6141.671
-6165.226
-6143.116
-6162.464
-6146.285
-6146.799
-6144.966
-6134
-6143.422
-6138.94
-6134.101
-6156.384
-6158.387
-6138.315
-6160.907
-6154.315
-6149.248
-6135.702
-6143.776
-6146.013
-6136.183
-6145.074
-6140.791
-6148.256
-6158.464
-6135.117
-6143.752
-6136.853
-6141.878
-6137.112
-6157.073
-6152.549
-6140.144
-6136.554
-6137.249
-6145.74
-6152.506
-6153.622
-6163.432
-6138.195
-6142.358
-6138.796
-6145.281
-6141.101
-6158.095
-6157.251
-6145.733
-6161.507
-6149.277
-6139.057
-6142.838
-6136.712
-6144.412
-6139.514
-6136.73
-6161.434
-6163.238
-6143.727
-6147.381
-6157.45
-6135.121
-6138.717
-6141.876
-6153.211
-6143.535
-6144.161
-6139.242
-6143.005
-6140.517
-6144.389
-6141.06
-6149.816
-6143.231
-6147.487
-6134.419
-6138.348
-6131.58
-6136.456
-6136.741
-6146.883
-6133.286
-6140.997
-6148.202
-6147.181
-6136.729
-6134.345
-6137.957
-6137.131
-6148.162
-6144.994
-6155.595
-6142.971
-6147.681
-6139.126
-6143.735
-6136.497
-6134.696
-6131.812
-6138.823
-6137.324
-6138.737
-6133.389
-6142.313
-6142.207
-6133.199
-6141.824
-6145.823
-6133.137
-6133.147
-6135.623
-6139.048
-6141.738
-6154.48
-6150.281
-6151.24
-6143.232
-6142.039
-6141.826
-6141.367
-6140.769
-6133.991
-6142.008
-6160.517
-6144.665
-6137.281
-6140.503
-6147.154
-6149.894
-6140.573
-6133.693
-6141.146
-6147.561
-6148.993
-6137.276
-6158.822
-6135.99
-6136.936
-6143.216
-6134.233
-6156.607
-6133.87
-6138.524
-6135.553
-6139.432
-6139.796
-6142.695
-6142.771
-6144.243
-6142.019
-6152.961
-6142.041
-6142.249
-6139.751
-6152.24
-6145.15
-6137.946
-6139.222
-6147.16
-6143.361
-6135.61
-6137.258
-6143.105
-6138.148
-6151.406
-6142.321
-6147.748
-6148.121
-6139.082
-6137.914
-6133.854
-6143.173
-6150.074
-6141.779
-6148.902
-6140.495
-6141.81
-6140.129
-6135.961
-6137.858
-6134.759
-6137.788
-6152.899
-6160.731
-6136.187
-6138.618
-6139.717
-6142.523
-6154.518
-6136.415
-6144.555
-6160.549
-6145.434
-6147.034
-6151.14
-6144.062
-6148.098
-6134.78
-6147.15
-6135.888
-6139.479
-6149.672
-6145.433
-6138.615
-6151.794
-6136.156
-6148.445
-6156.307
-6143.804
-6134.848
-6144.465
-6142.802
-6133.689
-6154.634
-6131.874
-6138.589
-6140.793
-6141.228
-6136.936
-6137.045
-6149.609
-6152.07
-6138.052
-6145.007
-6140.265
-6134.935
-6134.349
-6136.205
-6142.992
-6134.467
-6136.161
-6138.306
-6139.235
-6136.769
-6155.671
-6132.828
-6143.958
-6138.683
-6141.382
-6138.075
-6144.294
-6138.018
-6154.762
-6147.048
-6135.351
-6134.27
-6140.03
-6136.818
-6139.317
-6136.666
-6142.563
-6138.033
-6133.769
-6140.783
-6140.471
-6146.762
-6149.612
-6153.815
-6141.499
-6149.01
-6139.484
-6146.439
-6159.858
-6135.781
-6147.621
-6154.508
-6158.628
-6145.787
-6143.356
-6131.313
-6137.88
-6137.127
-6182.461
-6135.624
-6142.648
-6137.799
-6139.189
-6136.74
-6130.845
-6142.176
-6134.277
-6136.377
-6136.212
-6133.412
-6138.006
-6142.588
-6139.546
-6133.321
-6135.651
-6142.41
-6135.517
-6138.694
-6136.103
-6140.136
-6135.388
-6138.821
-6135.869
-6130.194
-6135.137
-6131.752
-6137.24
-6147.94
-6133.733
-6143.734
-6132.055
-6141.195
-6138.627
-6147.801
-6139.956
-6139.052
-6134.871
-6148.46
-6142.816
-6135.084
-6141.357
-6135.126
-6132.839
-6140.682
-6134.199
-6137.126
-6133.667
-6157.793
-6146.78
-6143.509
-6143.599
-6131.414
-6135.433
-6135.278
-6135.327
-6141.849
-6137.525
-6138.484
-6138.89
-6131.35
-6143.032
-6136.367
-6147.182
-6145.881
-6135.87
-6131.381
-6148.332
-6140.898
-6138.886
-6140.877
-6139.206
-6136.03
-6139.31
-6137.597
-6135.424
-6141.89
-6134.806
-6140.121
-6137.126
-6144.484
-6151.733
-6142.591
-6144.374
-6149.706
-6151.526
-6143.844
-6141.903
-6136.85
-6134.452
-6144.719
-6145.314
-6140.072
-6173.518
-6144.191
-6140.544
-6138.997
-6139.129
-6144.379
-6144.127
-6136.921
-6135.494
-6136.55
-6151.026
-6145.283
-6136.799
-6140.207
-6145.467
-6153.042
-6144.151
-6142.52
-6176.373
-6144.705
-6140.326
-6133.946
-6141.906
-6188.478
-6132.748
-6148.697
-6139.481
-6139.449
-6135.549
-6147.251
-6136.115
-6138.018
-6133.833
-6140.561
-6145.4
-6148.387
-6157.148
-6148.75
-6142.428
-6145.559
-6140.469
-6134.522
-6137.795
-6166.302
-6141.603
-6136.474
-6144.558
-6134.214
-6145.267
-6152.1
-6144.427
-6158.163
-6139.735
-6141.209
-6139.053
-6136.282
-6135.561
-6137.167
-6140.215
-6151.278
-6140.236
-6137.605
-6152.601
-6136.217
-6144.761
-6149.161
-6143.682
-6136.12
-6158.535
-6140.761
-6146.272
-6148.215
-6140.59
-6137.67
-6134.326
-6133.594
-6159.692
-6138.917
-6141.705
-6147.82
-6135.132
-6138.065
-6153.716
-6147.331
-6150.942
-6165.037
-6131.593
-6132.988
-6136.103
-6141.791
-6151.6
-6144.674
-6144.795
-6136.933
-6141.106
-6146.006
-6133.616
-6134.696
-6142.616
-6133.734
-6147.352
-6135.526
-6140.84
-6138.805
-6156.429
-6135.028
-6137.046
-6132.692
-6133.899
-6134.405
-6136.753
-6137.345
-6132.811
-6134.536
-6150.1
-6136.847
-6143.118
-6141.838
-6157.943
-6142.933
-6134.979
-6136.625
-6150.628
-6139.656
-6148.686
-6143.19
-6144.379
-6153.252
-6138.999
-6145.936
-6136.931
-6137.135
-6136.887
-6161.987
-6140.675
-6139.206
-6135.191
-6141.313
-6153.341
-6135.466
-6139.415
-6142.522
-6143.571
-6142.871
-6154.243
-6137.239
-6135.508
-6150.967
-6142.078
-6138.495
-6143.264
-6148.368
-6154.093
-6140.842
-6166.129
-6150.011
-6148.328
-6142.117
-6144.681
-6146.936
-6138.67
-6155.879
-6138.07
-6136.689
-6153.822
-6136.196
-6142.08
-6138.808
-6142.346
-6146.118
-6144.331
-6148.77
-6138.523
-6149.613
-6138.207
-6136.031
-6140.35
-6159.547
-6142.405
-6152.76
-6148.438
-6136.031
-6146.911
-6151.288
-6148.453
-6142.176
-6139.171
-6134.029
-6135.418
-6142.193
-6141.452
-6135.731
-6141.9
-6139.029
-6156.061
-6134.699
-6148.483
-6155.768
-6133.57
-6137.146
-6159.987
-6140.028
-6137.418
-6138.411
-6139.363
-6143.951
-6141.384
-6144.085
-6150.067
-6142.874
-6138.27
-6139.889
-6147.901
-6138.084
-6155.5
-6144.672
-6137.083
-6134.297
-6135.782
-6138.398
-6144.943
-6138.424
-6185.379
-6146.663
-6137.792
-6140.246
-6148.466
-6156.788
-6147.029
-6147.512
-6141.892
-6145.3
-6136.302
-6143.599
-6146.206
-6145.405
-6142.203
-6147.931
-6144.462
-6140.782
-6155.178
-6140.851
-6139.811
-6136.261
-6140.931
-6145.831
-6145.248
-6160.727
-6147.388
-6144.96
-6150.793
-6157.144
-6139.988
-6135.146
-6137.203
-6139.209
-6155.546
-6136.843
-6150.278
-6135.914
-6147.77
-6149.928
-6146.092
-6140.358
-6141.91
-6146.706
-6150.146
-6140.634
-6143.452
-6139.836
-6159.532
-6140.326
-6160.757
-6137.947
-6136.95
-6146.466
-6153.017
-6142.637
-6145.205
-6154.873
-6141.374
-6137.316
-6145.497
-6142.777
-6146.671
-6146.325
-6148.374
-6148.069
-6148.183
-6156.528
-6141.063
-6144.935
-6137.843
-6140.008
-6134.265
-6140.346
-6146.346
-6142.159
-6155.477
-6148.019
-6139.731
-6136.627
-6135.442
-6145.73
-6145.619
-6136.256
-6135.22
-6143.285
-6138.376
-6135.816
-6141.015
-6163.834
-6137.817
-6145.61
-6148.976
-6148.912
-6134.219
-6137.667
-6157.002
-6144.339
-6165.652
-6146.539
-6147.409
-6136.411
-6139.284
-6141.452
-6134.657
-6137.718
-6147.229
-6153.048
-6145.168
-6143.046
-6137.833
-6150.462
-6151.869
-6136.692
-6147.531
-6137.611
-6137.177
-6135.55
-6140.044
-6147.527
-6141.533
-6136.508
-6146.867
-6143.309
-6137.354
-6151.379
-6136.923
-6144.529
-6143.04
-6138.743
-6158.921
-6145.729
-6137.398
-6154.135
-6147.424
-6140.618
-6147.555
-6137.951
-6151.124
-6156.059
-6144.625
-6142.293
-6149.741
-6149.063
-6140.354
-6141.01
-6149.05
-6149.655
-6144.977
-6155.658
-6147.15
-6142.16
-6144.347
-6153.67
-6141.267
-6142.091
-6149.169
-6144.318
-6146.314
-6147.463
-6148.428
-6146.224
-6164.17
-6149.018
-6142.555
-6169.989
-6157.772
-6143.202
-6145.744
-6158.874
-6139.782
-6155.15
-6146.703
-6188.703
-6162.058
-6164.084
-6133.43
-6144.265
-6136.989
-6140.851
-6148.053
-6142.797
-6140.401
-6145.318
-6141.545
-6135.452
-6144.845
-6152.185
-6133.603
-6141.084
-6137.733
-6133.302
-6141.67
-6139.476
-6135.166
-6157.596
-6139.503
-6136.157
-6142.246
-6149.453
-6136.366
-6145.219
-6154.788
-6139.653
-6144.444
-6165.241
-6139.395
-6140.315
-6147.453
-6137.726
-6150.089
-6131.411
-6133.106
-6134.456
-6134.735
-6132.192
-6143.327
-6135.476
-6142.751
-6136.752
-6138.148
-6147.349
-6134.941
-6145.645
-6146.668
-6142.336
-6137.198
-6140.358
-6135.768
-6154.625
-6146.53
-6148.59
-6145.923
-6140.124
-6136.588
-6136.988
-6137.808
-6134.928
-6139
-6141.095
-6141.966
-6138.727
-6134.737
-6138.83
-6136.988
-6141.299
-6137.293
-6140.062
-6136.808
-6139.227
-6137.94
-6140.672
-6137.212
-6138.502
-6135.785
-6133.316
-6136.936
-6136.581
-6152.384
-6134.514
-6140.073
-6145.652
-6141.464
-6136.574
-6135.824
-6141.005
-6136.121
-6132.681
-6139.351
-6154.514
-6137.332
-6137.442
-6139.141
-6136.354
-6134.502
-6139.533
-6135.58
-6145.165
-6136.185
-6156.069
-6136.315
-6146.404
-6133.635
-6133.044
-6147.273
-6132.804
-6134.734
-6137.841
-6155.536
-6134.003
-6141.652
-6148.227
-6138.052
-6135.047
-6139.447
-6136.316
-6132.639
-6138.484
-6138.818
-6136.412
-6156.147
-6136.138
-6139.92
-6133.667
-6142.611
-6133.502
-6132.318
-6143.978
-6135.403
-6152.348
-6133.09
-6132.812
-6136.23
-6141.218
-6140.838
-6141.246
-6136.588
-6145.297
-6142.168
-6134.646
-6141.316
-6139.812
-6146.541
-6136.963
-6162.48
-6132.468
-6137.466
-6132.623
-6153.812
-6137.873
-6142.664
-6134.628
-6136.479
-6140.126
-6142.415
-6139.301
-6156.681
-6152.694
-6143.185
-6142.881
-6138.828
-6136.794
-6142.385
-6135.493
-6142.439
-6143.938
-6150.699
-6135.056
-6134.46
-6144.746
-6143.317
-6137.67
-6138.745
-6143.668
-6144.327
-6157.506
-6163.726
-6142.906
-6137.472
-6145.987
-6140.182
-6143.797
-6138.3
-6143.904
-6136.84
-6137.933
-6138.321
-6135.074
-6138.444
-6143.681
-6140.692
-6140.159
-6144.332
-6141.266
-6139.55
-6187.033
-6145.077
-6145.254
-6157.333
-6144.611
-6138.408
-6154.967
-6137.601
-6148.884
-6144.379
-6140.385
-6144.338
-6139.233
-6150.517
-6136.487
-6138.329
-6145.138
-6138.564
-6135.341
-6141.675
-6155.612
-6150.672
-6141.916
-6149.318
-6144.935
-6143.219
-6138.07
-6147.013
-6142.93
-6134.62
-6144.426
-6133.794
-6173.743
-6141.997
-6141.302
-6137.3
-6146.507
-6142.345
-6135.171
-6138.826
-6150.036
-6160.723
-6140.343
-6169.752
-6138.828
-6146.201
-6150.129
-6135.436
-6145.655
-6135.529
-6153.099
-6154.853
-6152.406
-6142.641
-6142.045
-6151.611
-6143.597
-6147.542
-6160.097
-6140.83
-6149.074
-6152.595
-6139.717
-6137.118
-6146.95
-6151.574
-6151.459
-6151.182
-6148.87
-6139.762
-6143.148
-6148.136
-6142.217
-6157.03
-6143.621
-6136.354
-6149.599
-6140.773
-6148.747
-6136.514
-6152.224
-6156.656
-6136.668
-6150.262
-6140.621
-6135.658
-6144.007
-6140.399
-6142.224
-6145.785
-6152.412
-6135.131
-6145.075
-6144.71
-6154.531
-6140.857
-6138.089
-6136.042
-6162.144
-6148.481
-6144.984
-6143.157
-6149.289
-6138.042
-6136.265
-6150.803
-6145.018
-6143.859
-6140.993
-6142.752
-6189.204
-6140.501
-6136.968
-6168.261
-6135.44
-6142.55
-6138.77
-6143.241
-6138.315
-6148.304
-6139.875
-6141.733
-6138.61
-6151.26
-6137.806
-6137.548
-6146.691
-6141.422
-6141.219
-6139.975
-6136.709
-6144.363
-6145.224
-6141.049
-6151.463
-6148.317
-6147.558
-6137.997
-6147.46
-6142.656
-6140.688
-6141.744
-6135.407
-6145.298
-6147.235
-6145.627
-6135.977
-6149.522
-6174.534
-6137.97
-6144.435
-6144.432
-6142.488
-6146.676
-6142.494
-6142.097
-6148.577
-6142.811
-6144.696
-6141.382
-6134.997
-6143.908
-6138.639
-6148.09
-6141.597
-6140.73
-6144.359
-6136.375
-6140.691
-6146.203
-6151.147
-6134.533
-6135.393
-6143.178
-6142.554
-6148.224
-6136.371
-6143.091
-6135.017
-6142.936
-6149.136
-6137.445
-6145.565
-6148.471
-6136.546
-6139.295
-6137.363
-6134.68
-6138.287
-6148.962
-6145.059
-6142.946
-6138.965
-6148.838
-6133.619
-6147.088
-6141.826
-6145.524
-6138.528
-6139.008
-6141.694
-6148.03
-6159.984
-6135.572
-6141.902
-6140.347
-6144.953
-6157.023
-6148.26
-6133.732
-6140.82
-6149.635
-6136.775
-6135.471
-6145.491
-6150.218
-6145.71
-6140.818
-6133.671
-6144.482
-6133.324
-6136.521
-6142.312
-6134.631
-6145.237
-6144.202
-6158.46
-6140.584
-6141.234
-6135.05
-6134.838
-6138.82
-6139.798
-6146.112
-6146.794
-6134.945
-6148.55
-6172.144
-6138.251
-6138.488
-6140.348
-6136.017
-6136.556
-6145.874
-6151.246
-6142.415
-6143.247
-6143.805
-6138.114
-6142.783
-6135.366
-6132.492
-6135.188
-6133.025
-6138.469
-6139.68
-6143.374
-6175.644
-6140.579
-6135.254
-6142.282
-6138.899
-6141.604
-6152.614
-6134.8
-6133.557
-6137.456
-6140.761
-6135.728
-6133.246
-6147.776
-6133.475
-6148.711
-6135.732
-6141.792
-6134.509
-6134.892
-6156.008
-6138.436
-6141.81
-6142.067
-6145.468
-6151.85
-6141.507
-6139.562
-6140.965
-6163.704
-6155.363
-6166.082
-6139.981
-6145.884
-6137.969
-6159.17
-6150.989
-6150.3
-6142.636
-6140.544
-6133.772
-6137.681
-6138.537
-6137.576
-6132.197
-6136.589
-6143.151
-6133.866
-6135.392
-6143.846
-6134.97
-6136.322
-6143.983
-6139.845
-6157.963
-6144.895
-6149.508
-6138.543
-6139.067
-6132.925
-6142.151
-6137.757
-6143.385
-6136.677
-6139.982
-6141.9
-6141.472
-6172.17
-6156.334
-6136.637
-6137.536
-6135.138
-6146.326
-6140.331
-6145.517
-6138.229
-6143.082
-6138.405
-6141.605
-6134.697
-6137.831
-6140.347
-6137.26
-6132.862
-6137.865
-6134.472
-6149.993
-6135.734
-6136.4
-6145.224
-6137.732
-6144.089
-6136.455
-6136.194
-6132.928
-6138.947
-6134.924
-6137.753
-6142.579
-6137.623
-6151.426
-6137.284
-6138.877
-6136.708
-6137.893
-6150.259
-6139.196
-6147.428
-6171.893
-6137.151
-6148.285
-6134.229
-6140.756
-6143.044
-6141.268
-6139.712
-6136.364
-6138.02
-6132.823
-6140.135
-6138.805
-6133.68
-6161.966
-6132.48
-6136.658
-6135.303
-6137.922
-6135.486
-6142.338
-6144.744
-6145.625
-6157.405
-6149.564
-6143.559
-6137.635
-6144.187
-6138.459
-6131.726
-6162.451
-6134.811
-6139.089
-6150.96
-6135.225
-6137.031
-6136.023
-6134.053
-6139.042
-6133.32
-6136.274
-6143.708
-6132.175
-6143.736
-6133.043
-6136.551
-6142.41
-6142.567
-6147.281
-6131.912
-6142.108
-6147.284
-6153.22
-6142.798
-6145.379
-6149.747
-6145.184
-6134.854
-6135.668
-6154.181
-6136.563
-6134.675
-6137.373
-6133.435
-6139.231
-6138.9
-6133.959
-6137.007
-6144.85
-6137.647
-6133.289
-6136.705
-6160.298
-6138.407
-6136.008
-6140.066
-6139.295
-6131.031
-6136.006
-6134.969
-6134.547
-6136.812
-6160.455
-6145.824
-6133.296
-6132.852
-6144.054
-6139.092
-6145.819
-6134.099
-6146.856
-6137.147
-6137.639
-6143.872
-6142.524
-6136.984
-6151.029
-6154.427
-6130.628
-6139.352
-6137.718
-6135.576
-6149.097
-6136.399
-6135.729
-6147.054
-6141.584
-6153.933
-6140.154
-6140.599
-6137.831
-6132.958
-6144.735
-6139.325
-6166.135
-6132.245
-6134.816
-6138.674
-6133.179
-6134.102
-6136.629
-6147.741
-6136.566
-6145.242
-6134.046
-6140.36
-6136.004
-6134.64
-6138.243
-6142.838
-6136.12
-6136.209
-6146.358
-6141.936
-6137.322
-6132.384
-6136.211
-6141.91
-6154.657
-6138.747
-6138.951
-6133.918
-6132.356
-6138.876
-6135.209
-6185.704
-6142.477
-6136.214
-6140.281
-6143.899
-6150.221
-6132.889
-6138.023
-6154.193
-6142.172
-6192.131
-6140.177
-6134.979
-6138.89
-6145.947
-6157.075
-6136.842
-6135.225
-6138.171
-6146.485
-6141.563
-6133.32
-6135.805
-6136.595
-6166.405
-6139.023
-6148.199
-6133.652
-6140.569
-6149.479
-6143.212
-6134.354
-6141.729
-6144.289
-6138.691
-6137.301
-6136.499
-6139.116
-6135.234
-6142.185
-6136.972
-6133.908
-6139.003
-6137.132
-6135.989
-6143.379
-6150.922
-6143.794
-6140.503
-6135.703
-6142.654
-6143.263
-6144.775
-6140.669
-6141.789
-6141.462
-6136.474
-6142.825
-6156.094
-6137.008
-6138.712
-6140.409
-6136.295
-6146.685
-6157.092
-6145.873
-6141.51
-6135.521
-6136.781
-6136.475
-6160
-6157.174
-6153.818
-6148.755
-6140.539
-6136.781
-6132.728
-6134.487
-6132.051
-6139.053
-6137.411
-6140.394
-6134.707
-6134.104
-6138.853
-6136.379
-6142.508
-6136.728
-6141.899
-6135.84
-6147.326
-6136.762
-6138.774
-6146.401
-6163.52
-6137.071
-6145.119
-6143.492
-6136.574
-6145.617
-6131.756
-6141.884
-6165.026
-6139.229
-6140.831
-6138.463
-6136.729
-6144.519
-6155.38
-6138.118
-6136.633
-6141.436
-6134.02
-6132.146
-6143.732
-6135.847
-6138.726
-6132.686
-6138.088
-6131.775
-6141.023
-6136.496
-6136.083
-6142.047
-6136.932
-6137.009
-6142.437
-6137.071
-6135.474
-6134.963
-6141.455
-6145.108
-6135.4
-6137.94
-6136.658
-6150.279
-6138.829
-6135.793
-6132.799
-6131.783
-6157.075
-6139.876
-6139.817
-6139.238
-6143.813
-6135.502
-6149.405
-6149.124
-6138.403
-6156.95
-6143.412
-6153.725
-6147.41
-6153.173
-6140.002
-6145.579
-6137.842
-6149.525
-6138.035
-6144.646
-6166.879
-6171.512
-6135.45
-6139.948
-6153.933
-6133.862
-6140.399
-6156.021
-6165.614
-6143.058
-6134.345
-6144.959
-6135.59
-6140.828
-6149.957
-6174.327
-6142.421
-6141.359
-6143.618
-6136.517
-6136.65
-6149.013
-6136.432
-6139.886
-6135.419
-6158.217
-6139.012
-6139.434
-6142.948
-6141.746
-6147.729
-6147.322
-6145.261
-6148.325
-6150.061
-6146.13
-6146.718
-6146.929
-6143.53
-6143.032
-6138.943
-6137.79
-6147.305
-6154.662
-6142.41
-6148.666
-6143.535
-6143.322
-6139.276
-6143.83
-6148.59
-6146.536
-6144.745
-6137.668
-6150.432
-6142.526
-6158.65
-6138.331
-6142.901
-6136.207
-6144.547
-6137.294
-6141.489
-6135.762
-6133.76
-6145.627
-6135.645
-6148.334
-6141.642
-6142.98
-6135.302
-6141.853
-6135.931
-6147.08
-6138.829
-6148.481
-6133.59
-6148.854
-6139.636
-6138.729
-6135.888
-6142.247
-6138.377
-6140.992
-6134.86
-6139.413
-6139.71
-6135.354
-6150.358
-6140.126
-6134.726
-6137.438
-6140.643
-6145.301
-6140.378
-6142.989
-6135.699
-6133.925
-6149.458
-6138.774
-6147.73
-6150.367
-6144.571
-6144.016
-6149.023
-6141.937
-6136.575
-6138.248
-6149.295
-6147.476
-6145.408
-6141.105
-6144.489
-6136.814
-6136.373
-6137.404
-6134.005
-6145.115
-6137.515
-6137.948
-6134.272
-6145.652
-6136.48
-6136.366
-6143.012
-6142.385
-6151.498
-6147.997
-6141.211
-6138.515
-6147.967
-6146.941
-6151.221
-6141.403
-6138.82
-6149.58
-6148.155
-6151.49
-6137.649
-6141.805
-6140.162
-6137.467
-6146.548
-6137.818
-6150.084
-6146.096
-6152.391
-6136.773
-6144.474
-6140.369
-6135.898
-6139.593
-6141.733
-6138.477
-6140.547
-6146.523
-6143.572
-6146.414
-6135.097
-6135.978
-6140.775
-6150.183
-6153.135
-6144.408
-6145.463
-6144.606
-6144.655
-6143.165
-6143.217
-6140.856
-6140.734
-6142.678
-6137.609
-6181.418
-6141.994
-6141.629
-6148.963
-6149.365
-6140.274
-6147.673
-6146.97
-6155.679
-6142.508
-6148.329
-6135.201
-6140.958
-6150.277
-6138.971
-6152.551
-6146.574
-6146.785
-6173.627
-6139.669
-6149.865
-6135.562
-6141.827
-6140.394
-6149.218
-6141.866
-6139.75
-6153.956
-6150.798
-6141.326
-6144.389
-6155.542
-6138.093
-6144.639
-6154.416
-6137.276
-6141.088
-6140.748
-6143.923
-6143.263
-6134.962
-6137.115
-6150.53
-6137.11
-6153.946
-6164.856
-6135.339
-6141.457
-6162.255
-6155.649
-6152.361
-6139.403
-6146.726
-6155.601
-6134.999
-6156.83
-6141.011
-6146.037
-6134.862
-6142.706
-6139.29
-6143.547
-6137.865
-6154.796
-6148.722
-6148.376
-6166.538
-6136.255
-6133.845
-6139.855
-6148.227
-6152.622
-6143.884
-6135.665
-6158.091
-6133.05
-6139.444
-6154.392
-6134.123
-6138.488
-6173.226
-6144.544
-6144.721
-6140.236
-6148.779
-6141.083
-6133.239
-6133.7
-6134.938
-6141
-6140.014
-6139.237
-6137.093
-6141.971
-6144.272
-6143.094
-6137.43
-6137.544
-6153.502
-6140.127
-6134.681
-6142.384
-6149.574
-6139.94
-6143.547
-6135.943
-6133.12
-6134.294
-6137.32
-6160.193
-6135.119
-6144.964
-6141.811
-6135.8
-6134.968
-6141.672
-6151.749
-6148.836
-6140.186
-6138.992
-6137.799
-6146.413
-6140.018
-6137.575
-6132.443
-6150.703
-6150.036
-6134.864
-6142.091
-6176.312
-6140.048
-6137.22
-6140.738
