-7429.376
-7470.83
-7498.993
-7528.56
-7302.405
-7401.095
-7337.848
-7196.655
-7014.384
-7192.831
-7072.258
-7037.169
-7015.064
-7094.312
-7185.843
-7057.375
-7021.95
-7011.015
-7046.228
-7046.989
-7074.946
-7111.08
-7082.743
-7014.189
-7134.927
-7164.155
-6952.532
-6900.399
-7036.54
-7026.794
-6887.78
-6847.457
-6900.437
-6854.837
-6769.225
-6725.097
-6769.786
-6764.862
-6763.28
-6729.421
-6791.255
-6774.603
-6724.172
-6773.166
-6758.177
-6760.44
-6774.915
-6742.767
-6824.006
-6726.761
-6747.034
-6759.478
-6698.732
-6721.901
-6723.195
-6670.676
-6594.085
-6557.959
-6484.37
-6577.427
-6472.372
-6442.527
-6456.146
-6460.57
-6445.147
-6463.801
-6460.687
-6407.324
-6365.213
-6345.541
-6355.479
-6384.613
-6349.957
-6337.52
-6393.187
-6317.377
-6341.854
-6368.468
-6332.065
-6354.415
-6304.952
-6322.036
-6336.065
-6353.277
-6334.695
-6331.999
-6310.532
-6300.164
-6328.673
-6298.357
-6318.771
-6319.157
-6299.64
-6303.635
-6316.395
-6279.058
-6325.484
-6324.047
-6250.117
-6259.865
-6262.828
-6254.733
-6253.716
-6270.641
-6270.438
-6268.947
-6264.406
-6338.038
-6256.571
-6236.803
-6289.029
-6247.519
-6257.086
-6281.668
-6243.778
-6240.741
-6264.182
-6258.709
-6241.753
-6237.823
-6233.949
-6233.405
-6225.528
-6241.315
-6235.97
-6223.55
-6260.169
-6226.939
-6244.512
-6244.26
-6246.822
-6239.627
-6228.667
-6240.803
-6258.277
-6274.347
-6249.229
-6230.418
-6233.166
-6224.666
-6244.024
-6244.45
-6236.812
-6379.565
-6232.532
-6287.725
-6248.577
-6255.449
-6237.351
-6286.001
-6264.091
-6253.536
-6242.453
-6221.629
-6260.88
-6226.228
-6225.604
-6272.305
-6227.659
-6255.724
-6226.911
-6269.919
-6228.867
-6226.761
-6218.027
-6234.198
-6241.327
-6217.006
-6220.092
-6232.845
-6231.168
-6236.32
-6229.887
-6236.737
-6239.222
-6233.24
-6257.268
-6234.566
-6246.777
-6244.649
-6222.435
-6249.466
-6235.101
-6242.501
-6239.138
-6227.811
-6228.085
-6230.523
-6231.002
-6221.369
-6232.041
-6231.576
-6238.757
-6277.486
-6239.31
-6226.773
-6230.049
-6247.205
-6223.583
-6223.604
-6245.303
-6226.88
-6229.159
-6218.497
-6228.871
-6220.46
-6240.215
-6241.499
-6256.033
-6217.421
-6232.354
-6235.284
-6230.149
-6215.191
-6207.139
-6205.05
-6213.215
-6209.34
-6215.49
-6232.126
-6225.695
-6237.72
-6215.069
-6224.831
-6205.848
-6201.953
-6226.898
-6220.578
-6219.121
-6203.861
-6198.379
-6289.248
-6210.987
-6213.032
-6211.25
-6213.625
-6208.241
-6209.375
-6223.232
-6219.783
-6204.891
-6209.528
-6203.063
-6214.471
-6218.678
-6227.097
-6238.18
-6238.499
-6204.398
-6210.002
-6396.003
-6214.051
-6197.651
-6222.317
-6203.639
-6199.816
-6226.311
-6228.557
-6203.359
-6203.77
-6206.569
-6199.043
-6224.684
-6201.87
-6235.742
-6198.906
-6198.258
-6208.728
-6212.693
-6210.091
-6201.065
-6193.746
-6204.447
-6202.52
-6251.006
-6222.667
-6207.561
-6208.132
-6234.361
-6200.079
-6251.932
-6212.898
-6205.27
-6193.125
-6215.653
-6259.822
-6202.424
-6214.249
-6199.113
-6219.044
-6204.372
-6205.078
-6210.02
-6208.84
-6213.722
-6200.143
-6222.735
-6203.712
-6217.366
-6207.454
-6217.642
-6203.388
-6206.023
-6219.704
-6207.235
-6197.393
-6202.849
-6224.736
-6205.556
-6278.557
-6193.851
-6191.31
-6223.506
-6266.623
-6216.855
-6196.285
-6198.206
-6203.584
-6191.512
-6189.405
-6258.306
-6223.758
-6262.719
-6211.9
-6227.048
-6213.302
-6201.915
-6213.898
-6205.358
-6202.316
-6209.271
-6184.285
-6251.712
-6207.401
-6213.254
-6197.115
-6188.698
-6293.52
-6192.58
-6190.181
-6203.203
-6184.01
-6188.049
-6207.812
-6210.613
-6209.548
-6187.234
-6201.48
-6194.224
-6190.083
-6200.253
-6218.027
-6206.336
-6233.517
-6204.826
-6196.979
-6208.243
-6191.28
-6197.138
-6190.718
-6224.511
-6208.369
-6205.067
-6195.289
-6213.894
-6191.28
-6201.299
-6198.255
-6195.539
-6228.229
-6198.462
-6233.339
-6182.863
-6198.402
-6206.472
-6188.229
-6204.368
-6229.203
-6188.418
-6221.674
-6208.432
-6188.379
-6189.999
-6206.421
-6195.308
-6195.03
-6196.659
-6187.725
-6203.77
-6192.525
-6183.75
-6197.63
-6194.293
-6185.579
-6184.679
-6211.86
-6269.651
-6210.304
-6194.411
-6189.94
-6190.76
-6227.564
-6197.931
-6191.251
-6186.221
-6195.567
-6185.331
-6191.96
-6229.765
-6208.468
-6196.705
-6205.687
-6219.635
-6352.979
-6191.448
-6208.132
-6186.481
-6213.791
-6247.358
-6199.147
-6226.594
-6189.709
-6215.897
-6218.862
-6185.22
-6190.087
-6190.942
-6234.432
-6203.197
-6215.641
-6194.079
-6218.814
-6203.703
-6184.191
-6191.613
-6225.38
-6188.84
-6187.2
-6190.377
-6197.823
-6227.746
-6213.465
-6187.881
-6254.914
-6187.246
-6205.341
-6188.673
-6215.824
-6207.713
-6211.242
-6190.732
-6197.202
-6194.492
-6186.953
-6207.501
-6191.757
-6202.226
-6223.979
-6188.208
-6269.194
-6195.965
-6206.865
-6192.47
-6182.083
-6202.305
-6195.03
-6212.01
-6189.625
-6183.212
-6192.998
-6195.122
-6209.792
-6183.921
-6203.191
-6193.824
-6221.014
-6193.827
-6194.936
-6193.049
-6188.254
-6200.293
-6202.294
-6192.018
-6189.162
-6193.715
-6208.368
-6205.244
-6186.233
-6232.015
-6182.882
-6199.021
-6207.783
-6195.302
-6195.825
-6186.923
-6204.862
-6203.831
-6245.669
-6204.435
-6193.802
-6188.156
-6180.253
-6189.927
-6190.753
-6187.414
-6200.171
-6184.889
-6187.589
-6223.703
-6192.871
-6188.78
-6186.531
-6193.089
-6207.249
-6191.635
-6215.448
-6190.878
-6197.762
-6234.548
-6288.386
-6185.749
-6183.862
-6195.619
-6190.022
-6199.648
-6216.219
-6208.995
-6247.883
-6322.228
-6183.09
-6197.238
-6219.791
-6216.103
-6206.761
-6214.164
-6204.726
-6186.026
-6192.138
-6213.968
-6190.519
-6189.622
-6189.127
-6201.704
-6273.97
-6198.506
-6184.936
-6184.114
-6248.66
-6185.141
-6190.203
-6203.114
-6181.567
-6201.337
-6184.498
-6224.813
-6218.786
-6190.426
-6217.202
-6187.791
-6197.693
-6186.681
-6188.689
-6181.242
-6182.558
-6192.781
-6236.593
-6205.182
-6190.505
-6270.549
-6212.615
-6231.288
-6184.506
-6201.098
-6232.851
-6200.222
-6186.945
-6224.124
-6200.956
-6181.838
-6249.263
-6208.461
-6210.509
-6190.742
-6210.695
-6186.279
-6204.196
-6190.795
-6198.87
-6236.033
-6204.763
-6184.437
-6226.645
-6187.844
-6201.736
-6198.579
-6185.742
-6206.209
-6190.216
-6202.304
-6231.074
-6241.026
-6194.721
-6212.421
-6187.483
-6186.414
-6198.496
-6194.839
-6204.049
-6192.635
-6202.849
-6184.917
-6207.691
-6196.139
-6201.806
-6190.04
-6219.116
-6211.304
-6215.094
-6187.158
-6188.654
-6198.775
-6189.832
-6195.571
-6183.616
-6208.136
-6199.097
-6187.085
-6182.086
-6186.989
-6180.763
-6199.072
-6240.442
-6183.394
-6188.695
-6193.715
-6193.93
-6251.978
-6220.859
-6212.899
-6255.387
-6204.151
-6279.817
-6202.552
-6204.164
-6190.715
-6183.554
-6202.633
-6222.206
-6266.739
-6204.144
-6253.614
-6232.556
-6241.341
-6218.986
-6185.817
-6187.784
-6205.92
-6212.343
-6223.142
-6188.251
-6201.851
-6203.112
-6204.564
-6234.83
-6188.01
-6197.169
-6310.1
-6226.848
-6246.611
-6200.37
-6208.614
-6221.164
-6196.528
-6232.289
-6250.969
-6195.057
-6204.536
-6181.703
-6181.469
-6192.593
-6237.227
-6193.727
-6188.662
-6206.237
-6199.568
-6218.795
-6197.439
-6213.039
-6190.858
-6192.121
-6190.203
-6193.76
-6189.539
-6212.765
-6247.271
-6184.318
-6207.638
-6204.031
-6204.152
-6189.872
-6209.025
-6230.739
-6191.847
-6202.442
-6191.836
-6191.81
-6185.302
-6206.544
-6191.737
-6186.946
-6197.026
-6242.183
-6220.908
-6191.32
-6211.955
-6194.52
-6198.431
-6201.387
-6200.106
-6193.934
-6183.551
-6189.79
-6235.688
-6197.581
-6207.198
-6225.92
-6183.688
-6215.059
-6200.743
-6185.708
-6208.884
-6196.866
-6198.087
-6218.357
-6192.384
-6205.741
-6197.197
-6252.633
-6181.596
-6201.754
-6201.568
-6241.698
-6184.779
-6182.48
-6211.152
-6181.791
-6198.981
-6184.469
-6219.202
-6194.183
-6191.13
-6185.329
-6211.631
-6184.896
-6187.49
-6184.508
-6177.989
-6193.969
-6180.411
-6279.459
-6240.757
-6182.213
-6191.22
-6195.374
-6192.569
-6185.789
-6181.552
-6181.98
-6195.227
-6215.866
-6186.212
-6212.954
-6182.593
-6190.757
-6217.745
-6193.533
-6190.371
-6188.713
-6189.243
-6180.271
-6189.494
-6226.389
-6184.883
-6209.284
-6181.339
-6219.604
-6204.057
-6189.942
-6204.503
-6204.677
-6189.682
-6202.262
-6189.277
-6178.94
-6182.923
-6200.792
-6193.142
-6242.543
-6186.494
-6180.72
-6180.774
-6254.002
-6186.318
-6184.714
-6238.586
-6205.646
-6186.164
-6180.41
-6193.712
-6177.918
-6221.798
-6179.403
-6193.363
-6181.622
-6191.887
-6190.482
-6273.644
-6191.177
-6180.912
-6186.104
-6175.402
-6213.6
-6183.557
-6223.445
-6187.62
-6222.084
-6182.016
-6203.324
-6205.88
-6219.661
-6191.616
-6203.892
-6182.055
-6190.288
-6190.719
-6183.781
-6185.478
-6216.812
-6192.249
-6185.299
-6192.195
-6186.918
-6190.621
-6198.657
-6188.92
-6179.521
-6211.226
-6200.632
-6176.945
-6209.158
-6184.953
-6190.421
-6191.605
-6251.181
-6178.137
-6192.085
-6185.897
-6179.352
-6185.379
-6247.782
-6217.353
-6204.048
-6180.118
-6189.962
-6185.156
-6182.404
-6179.479
-6229.381
-6180.442
-6190.562
-6215.12
-6248.817
-6187.687
-6236.627
-6188.343
-6179.959
-6185.597
-6199.752
-6194.686
-6202.003
-6219.925
-6202.852
-6186.405
-6186.581
-6210.388
-6180.951
-6213.059
-6190.474
-6192.747
-6186.97
-6179.994
-6189.157
-6239.526
-6227.317
-6200.569
-6192.661
-6204.991
-6217.485
-6205.386
-6180.928
-6187.472
-6248.39
-6183.297
-6199.588
-6196.317
-6199.351
-6219.192
-6185.596
-6192.253
-6201.33
-6188.911
-6208.853
-6192.86
-6188.647
-6186.927
-6220.233
-6200.122
-6194.337
-6218.3
-6187.463
-6205.806
-6341.634
-6192.097
-6177.997
-6193.253
-6203.827
-6180.963
-6233.03
-6243.16
-6225.308
-6216.156
-6192.974
-6215.588
-6178.912
-6194.822
-6198.263
-6213.92
-6205.288
-6189.003
-6202.244
-6206.395
-6179.717
-6219.785
-6186.423
-6236.575
-6202.137
-6190.674
-6180.668
-6183.661
-6195.856
-6193.865
-6210.916
-6191.505
-6229.067
-6191.023
-6197.908
-6223.821
-6191.198
-6208.659
-6207.084
-6217.989
-6177.207
-6196.634
-6185.569
-6210.427
-6190.272
-6296.603
-6182.961
-6247.935
-6201.429
-6183.754
-6179.19
-6188.065
-6202.658
-6241.332
-6177.273
-6192.632
-6269.92
-6188.2
-6186.65
-6209.353
-6213.596
-6221.824
-6217.652
-6190.909
-6195.662
-6183.357
-6186.058
-6223.246
-6192.123
-6185.968
-6235.77
-6290.809
-6198.58
-6182.84
-6184.976
-6186.966
-6192.12
-6184.69
-6180.344
-6189.27
-6211.386
-6191.505
-6188.729
-6187.872
-6209.644
-6189.451
-6192.991
-6202.311
-6184.964
-6185.135
-6206.772
-6188.763
-6191.893
-6178.53
-6230.268
-6214.36
-6182.747
-6212.494
-6199.959
-6239.408
-6187.796
-6185.893
-6266.645
-6197.548
-6183.793
-6177.028
-6182.417
-6192.775
-6181.596
-6202.947
-6193.083
-6185.068
-6193.586
-6211.869
-6243.348
-6177.915
-6186.817
-6199.255
-6294.892
-6196.233
-6201.517
-6261.423
-6206.441
-6193.06
-6187.932
-6181.611
-6195.705
-6219.781
-6208.415
-6201.948
-6199.371
-6201.004
-6175.939
-6197.008
-6206.433
-6187.728
-6216.91
-6178.771
-6199.568
-6179.301
-6184.951
-6181.435
-6187.247
-6179.623
-6194.734
-6219.628
-6207.506
-6202.967
-6196.243
-6186.222
-6194.017
-6227.841
-6206.701
-6212.667
-6223.495
-6186.236
-6192.818
-6177.072
-6230.339
-6200.453
-6184.197
-6176.744
-6184.14
-6189.978
-6188.996
-6185.421
-6196.23
-6284.136
-6186.728
-6191.108
-6222.802
-6229.443
-6216.235
-6188.783
-6205.006
-6208.414
-6197.599
-6222.148
-6189.673
-6188.738
-6200.707
-6181.491
-6203.71
-6188.434
-6207.267
-6181.194
-6224.779
-6220.284
-6191.891
-6180.406
-6174.454
-6189.437
-6208.722
-6188.035
-6212.932
-6258.613
-6233.493
-6179.085
-6189.282
-6175.306
-6185.212
-6193.518
-6184.966
-6220.12
-6182.538
-6186.947
-6205.117
-6182.165
-6190.991
-6250.776
-6181.075
-6212.109
-6215.65
-6195.771
-6250.313
-6175.372
-6205.755
-6189.596
-6177.467
-6236.396
-6208.198
-6191.226
-6179.326
-6190.184
-6215.161
-6205.375
-6181.733
-6205.516
-6204.423
-6183.687
-6191.02
-6182.592
-6204.64
-6185.381
-6186.706
-6188.101
-6221.349
-6182.832
-6195.078
-6193.757
-6197.607
-6188.789
-6187.181
-6210.804
-6194.29
-6241.264
-6191.086
-6178.95
-6193.436
-6205.433
-6181.197
-6185.067
-6193.958
-6182.493
-6186.886
-6195.118
-6188.581
-6239.786
-6193.587
-6183.219
-6176.927
-6189.793
-6192.125
-6233.762
-6296.657
-6188.393
-6279.401
-6192.118
-6182.588
-6183.552
-6259.697
-6183.611
-6199.328
-6186.776
-6186.862
-6189.236
-6187.312
-6194.763
-6184.501
-6212.739
-6292.03
-6187.756
-6189.797
-6189.678
-6252.505
-6224.125
-6220.472
-6177.207
-6187.242
-6213.983
-6194.105
-6190.44
-6188.203
-6217.732
-6193.815
-6177.635
-6177.36
-6180.716
-6198.258
-6177.454
-6176.451
-6212.94
-6245.288
-6178.212
-6184.474
-6208.769
-6239.494
-6184.346
-6187.981
-6212.633
-6187.971
-6176.391
-6178.834
-6188.107
-6199.645
-6203.128
-6179.919
-6191.567
-6208.02
-6206.593
-6180.489
-6176.403
-6178.901
-6176.251
-6185.226
-6260.988
-6232.152
-6231.141
-6190.639
-6204.596
-6194.381
-6177.084
-6182.332
-6221.377
-6179.024
-6269.738
-6187.469
-6213.417
-6189.326
-6197.073
-6183.77
-6174.84
-6186.626
-6193.334
-6178.331
-6208.764
-6175.288
-6248.616
-6198.531
-6246.725
-6188.976
-6229.869
-6257.725
-6251.673
-6179.48
-6224.216
-6172.671
-6226.902
-6189.096
-6189.288
-6196.899
-6231.797
-6183.185
-6207.252
-6174.299
-6202.522
-6185.727
-6182.678
-6207.166
-6223.232
-6185.28
-6209.114
-6184.679
-6178.551
-6205.759
-6175.711
-6177.733
-6197.574
-6190.904
-6175.281
-6196.287
-6194.548
-6185.563
-6199.279
-6206.958
-6183.436
-6177.158
-6199.422
-6227.241
-6195.778
-6204.854
-6207.313
-6211.091
-6218.768
-6185.488
-6189.094
-6193.673
-6181.686
-6184.507
-6258.36
-6188.435
-6175.078
-6177.164
-6177.697
-6202.832
-6245.268
-6189.516
-6174.249
-6181.377
-6225.497
-6187.253
-6178.226
-6196.436
-6191.747
-6227.724
-6180.515
-6219.01
-6189.26
-6180.154
-6209.69
-6174.255
-6180.496
-6199.784
-6205.675
-6208.048
-6211.241
-6182.01
-6180.942
-6192.778
-6196.941
-6252.714
-6206.788
-6182.904
-6194.614
-6172.417
-6171.437
-6191.718
-6220.111
-6190.632
-6181.128
-6186.725
-6238.686
-6182.345
-6195.456
-6192.433
-6179.569
-6189.144
-6191.408
-6178.171
-6182.041
-6181.473
-6186.874
-6199.627
-6199.282
-6199.457
-6211.029
-6185.059
-6219.089
-6205.653
-6186.141
-6181.303
-6272.339
-6175.987
-6240.769
-6178.643
-6250.334
-6196.512
-6211.843
-6193.009
-6311.116
-6235.044
-6175.563
-6211.474
-6188.644
-6189.187
-6249.646
-6173.045
-6176.722
-6173.932
-6222.415
-6197.492
-6191.254
-6178.485
-6188.434
-6186.214
-6198.932
-6171.603
-6182.202
-6197.811
-6207.062
-6211.811
-6232.296
-6180.082
-6180.647
-6179.279
-6212.707
-6184.862
-6182.366
-6241.46
-6192.866
-6186.915
-6239.544
-6181.685
-6190.854
-6207.103
-6184.952
-6178.117
-6220.116
-6181.671
-6182.768
-6248.808
-6182.022
-6186.233
-6185.713
-6180.481
-6189.439
-6260.316
-6224.931
-6181.237
-6179.768
-6178.442
-6183.102
-6181.43
-6204.211
-6179.566
-6190.924
-6187.67
-6187.295
-6176.591
-6188.74
-6211.332
-6177.203
-6189.54
-6176.072
-6174.429
-6253.201
-6204.754
-6177.631
-6218.286
-6242.951
-6176.674
-6190.414
-6213.331
-6249.812
-6182.726
-6185.711
-6201.982
-6184.245
-6211.954
-6178.85
-6236.603
-6192.778
-6175.961
-6188.536
-6193.181
-6184.965
-6175.717
-6184.413
-6181.432
-6176.001
-6185.835
-6222.628
-6171.894
-6183.117
-6249.298
-6178.005
-6178.054
-6203.397
-6174.167
-6171.378
-6247.404
-6202.441
-6190.089
-6205.039
-6245.699
-6178.632
-6193.686
-6171.637
-6181.642
-6188.57
-6179.82
-6209.043
-6231.446
-6179.634
-6180.782
-6170.615
-6184.428
-6189.937
-6208.035
-6184.828
-6186.62
-6174.098
-6206.925
-6216.533
-6232.131
-6181.83
-6202.361
-6180.323
-6186.489
-6186.955
-6176.61
-6175.711
-6180.809
-6170.927
-6189.782
-6242.925
-6205.885
-6183.042
-6174.743
-6179.501
-6186.652
-6194.333
-6173.542
-6203.473
-6176.284
-6211.104
-6187.522
-6200.568
-6182.848
-6201.594
-6181.918
-6214.791
-6182.909
-6176.658
-6181.196
-6175.355
-6220.547
-6173.252
-6178.51
-6227.774
-6193.888
-6229.569
-6187.2
-6178.488
-6197.482
-6180.015
-6202.293
-6195.486
-6190.8
-6181.196
-6199.009
-6189.833
-6176.247
-6190.922
-6194.21
-6182.585
-6177.29
-6180.042
-6179.413
-6181.432
-6181.771
-6173.635
-6232.666
-6259.703
-6180.449
-6177.653
-6205.928
-6186.461
-6201.453
-6176.424
-6198.644
-6189.566
-6179.741
-6252.633
-6204.819
-6183.179
-6181.198
-6174.797
-6233.316
-6194.608
-6180.588
-6182.435
-6179.802
-6256.355
-6172.089
-6205.766
-6190.173
-6179.721
-6177.773
-6184.649
-6198.91
-6183.958
-6172.77
-6186.545
-6174.355
-6172.238
-6210.885
-6176.478
-6179.273
-6200.422
-6190.511
-6186.893
-6175.172
-6178.15
-6241.734
-6173.798
-6178.982
-6174.937
-6209.752
-6206.994
-6177.102
-6193.114
-6201.741
-6179.381
-6204.617
-6217.635
-6218.883
-6260.994
-6174.278
-6181.584
-6178.126
-6242.14
-6194.127
-6224.331
-6179.977
-6188.684
-6177.965
-6221.847
-6182.402
-6200.386
-6231.089
-6219.524
-6172.914
-6219.786
-6202.217
-6175.299
-6177.413
-6196.175
-6242.329
-6178.43
-6195.508
-6187.766
-6203.15
-6177.391
-6176.346
-6186.291
-6205.582
-6189.309
-6228.702
-6194.108
-6314.782
-6172.983
-6234.627
-6182.631
-6179.079
-6189.373
-6180.068
-6184.979
-6200.518
-6183.897
-6186.161
-6180.45
-6173.273
-6177.008
-6177.004
-6196.459
-6216.17
-6176.354
-6175.074
-6183.086
-6189.65
-6201.663
-6177.359
-6183.303
-6178.54
-6260.073
-6176.375
-6185.282
-6183.372
-6194.247
-6207.229
-6178.982
-6214.155
-6258.414
-6182.379
-6227.715
-6238.3
-6198.101
-6199.312
-6207.811
-6174.43
-6172.54
-6202.717
-6182.209
-6197.532
-6182.027
-6193.243
-6184.192
-6215.569
-6180.449
-6179.228
-6187.099
-6178.518
-6175.641
-6176.318
-6184.324
-6202.602
-6184.477
-6173.839
-6223.398
-6209.738
-6190.141
-6176.536
-6184.96
-6195.287
-6210.249
-6190.821
-6192.944
-6228.092
-6184.646
-6177.907
-6178.931
-6207.336
-6176.991
-6175.463
-6176.437
-6212.309
-6178.46
-6202.716
-6200.845
-6201.576
-6198.862
-6176.368
-6185.095
-6227.628
-6187.983
-6235.161
-6220.474
-6188.656
-6180.252
-6186.039
-6188.55
-6177.298
-6176.896
-6179.452
-6232.517
-6177.691
-6194.225
-6204.294
-6177.011
-6183.701
-6192.797
-6186.313
-6226.868
-6268.207
-6205.241
-6177.642
-6186.471
-6189.883
-6178.356
-6211.477
-6186.757
-6180.051
-6185.51
-6187.051
-6206.271
-6185.099
-6211.635
-6279.023
-6179.027
-6202.615
-6187.518
-6174.205
-6240.185
-6179.391
-6215.772
-6241.433
-6245.255
-6184.311
-6188.375
-6183.846
-6247.424
-6202.847
-6176.723
-6179.473
-6180.692
-6208.636
-6193.726
-6179.933
-6177.439
-6176.15
-6175.151
-6187.767
-6174.465
-6230.931
-6184.339
-6197.014
-6190.982
-6203.559
-6209.253
-6213.032
-6205.182
-6191.868
-6202.807
-6202.659
-6178.739
-6209.749
-6185.741
-6197.301
-6174.742
-6185.62
-6185.239
-6173.99
-6206.999
-6219.872
-6187.333
-6196.39
-6193.169
-6196.475
-6177.878
-6183.949
-6208.384
-6196.688
-6190.743
-6208.032
-6209.526
-6180.174
-6213.161
-6189.584
-6174.747
-6229.781
-6188.918
-6177.172
-6180.667
-6197.873
-6189.188
-6177.877
-6179.244
-6183.983
-6189.141
-6176.497
-6252.321
-6192.455
-6212.458
-6176.723
-6189.595
-6192.666
-6200.696
-6180.474
-6190.337
-6194.78
-6239.464
-6224.12
-6202.219
-6202.566
-6184.519
-6177.809
-6174.325
-6194.439
-6180.337
-6185.249
-6247.304
-6201.645
-6215.294
-6182.533
-6197.16
-6189.181
-6194.864
-6181.381
-6258.522
-6194.381
-6229.185
-6203.689
-6220.677
-6198.205
-6199.24
-6177.737
-6197.391
-6200.188
-6201.98
-6237.946
-6193.277
-6179.139
-6228.569
-6183.599
-6202.153
-6199.691
-6213.703
-6200.176
-6174.65
-6192.6
-6192.737
-6185.611
-6187.39
-6199.662
-6180.546
-6225.469
-6199.694
-6188.836
-6209.249
-6181.221
-6184.084
-6217.186
-6253.855
-6314.328
-6177.696
-6179.903
-6184.602
-6178.77
-6189.868
-6225.52
-6183.535
-6177.297
-6185.518
-6188.605
-6177.021
-6182.37
-6245.111
-6179.408
-6180.601
-6179.984
-6181.976
-6211.733
-6179.959
-6252.96
-6190.501
-6185.443
-6202.127
-6218.94
-6222.813
-6179.459
-6202.734
-6182.708
-6209.608
-6179.768
-6182.696
-6225.021
-6169.975
-6199.5
-6202.255
-6177.671
-6185.546
-6171.661
-6189.012
-6205.227
-6172.695
-6180.846
-6191.635
-6225.253
-6170.118
-6199.051
-6261.199
-6184.999
-6196.891
-6241.828
-6172.104
-6168.955
-6202.13
-6189.204
-6209.001
-6184.843
-6199.783
-6253.285
-6235.334
-6184.268
-6172.838
-6193.454
-6188.991
-6175.562
-6252.994
-6174.662
-6172.872
-6174.209
-6215.545
-6181.595
-6211.463
-6204.174
-6176.006
-6214.683
-6171.159
-6194.034
-6185.321
-6175.334
-6187.13
-6182.524
-6201.136
-6196.711
-6193.374
-6178.074
-6173.191
-6208.919
-6260.11
-6189.056
-6176.506
-6185.687
-6183.483
-6184.06
-6230.933
-6170.836
-6189.97
-6187.745
-6192.639
-6176.975
-6193.059
-6196.182
-6224.007
-6189.117
-6190.447
-6227.248
-6174.075
-6170.655
-6187.052
-6182.22
-6195.36
-6183.893
-6239.301
-6193.073
-6211.484
-6202.714
-6189.452
-6180.17
-6253.944
-6197.092
-6172.908
-6170.981
-6206.685
-6197.211
-6175.715
-6170.562
-6179.617
-6173.165
-6184.272
-6197.636
-6182.222
-6177.436
-6180.635
-6199.186
-6190.952
-6171.013
-6177.341
-6177.724
-6182.81
-6186.782
-6213.574
-6170.41
-6174.773
-6192.168
-6185.457
-6182.98
-6182.873
-6182.708
-6180.439
-6184.786
-6259.838
-6190.896
-6169.48
-6205.088
-6175.167
-6172.209
-6208.234
-6222.208
-6209.191
-6179.779
-6204.295
-6182.961
-6223.147
-6242.383
-6193.931
-6212.558
-6195.332
-6200.366
-6182.106
-6195.094
-6176.333
-6189.919
-6192.136
-6181.368
-6201.167
-6181.413
-6221.487
-6196.651
-6203.332
-6217.467
-6207.524
-6175.818
-6172.361
-6183.654
-6270.346
-6183.762
-6218.159
-6185.26
-6226.211
-6214.586
-6189.688
-6185.695
-6186.959
-6188.125
-6181.812
-6182.251
-6191.188
-6177.233
-6185.177
-6207.474
-6173.665
-6185.658
-6177.252
-6240.732
-6190.244
-6187.312
-6205.498
-6229.726
-6191.283
-6178.811
-6191.853
-6215.079
-6179.715
-6180.703
-6193.813
-6183.236
-6204.477
-6205.061
-6226.922
-6190.997
-6191.204
-6182.242
-6196.027
-6227.101
-6206.516
-6226.484
-6191.438
-6199.192
-6193.058
-6177.877
-6189.98
-6178.988
-6212.779
-6211.76
-6176.893
-6195.529
-6186.693
-6200.088
-6181.84
-6232.73
-6179.888
-6173.987
-6199.86
-6184.631
-6184.286
-6181.673
-6176.801
-6179.974
-6233.604
-6180.496
-6207.932
-6183.591
-6176.2
-6188.183
-6178.659
-6188.017
-6179.521
-6187.859
-6188.687
-6205.81
-6202.184
-6179.804
-6192.332
-6194.725
-6183.864
-6189.195
-6195.034
-6205.051
-6183.382
-6199.475
-6203.469
-6186.067
-6182.663
-6193.732
-6192.732
-6237.383
-6204.27
-6183.533
-6186.206
-6184.289
-6204.015
-6194.47
-6198.454
-6182.288
-6188.179
-6184.623
-6212.638
-6184.798
-6185.172
-6193.666
-6198.599
-6196.964
-6177.116
-6196.813
-6178.28
-6175.461
-6178.934
-6189.023
-6225.836
-6195.825
-6189.528
-6180.249
-6197.971
-6190.521
-6173.673
-6221.032
-6185.167
-6179.036
-6196.529
-6169.761
-6178.289
-6224.012
-6214.037
-6175.564
-6178.866
-6183.567
-6176.814
-6184.332
-6281.168
-6190.854
-6182.19
-6196.119
-6202.369
-6186.797
-6189.679
-6187.801
-6192.103
-6195.365
-6221.201
-6185.61
-6210.543
-6176.04
-6177.973
-6178.006
-6198.668
-6195.485
-6180.388
-6196.288
-6186.076
-6168.493
-6189.395
-6180.285
-6186.083
-6178.718
-6177.612
-6175.657
-6210.013
-6210.787
-6198.395
-6182.355
-6185.578
-6208.243
-6170.895
-6183.854
-6190.358
-6186.104
-6174.807
-6228.655
-6234.898
-6202.285
-6178.329
-6168.252
-6205.377
-6169.214
-6214.191
-6172.586
-6175.493
-6181.806
-6193.453
-6170.453
-6223.493
-6173.298
-6194.656
-6168.378
-6201.768
-6205.275
-6186.877
-6171.477
-6209.315
-6203.76
-6169.466
-6226.063
-6176.341
-6192.437
-6176.298
-6187.947
-6197.219
-6171.575
-6196.49
-6204.456
-6186.058
-6211.526
-6178.667
-6174.466
-6197.63
-6197.447
-6173.458
-6180.269
-6196
-6199.255
-6270.215
-6182.592
-6218.851
-6194.092
-6176.706
-6169.628
-6194.072
-6185.399
-6191.436
-6178.527
-6220.349
-6187.03
-6236.31
-6212.853
-6177.197
-6210.208
-6192.623
-6191.303
-6172.877
-6176.506
-6181.1
-6227.745
-6180.576
-6177.545
-6176.225
-6177.497
-6200.543
-6174.715
-6175.676
-6182.916
-6183.071
-6255.008
-6185.897
-6178.421
-6171.185
-6188.769
-6178.393
-6219.192
-6173.081
-6202.623
-6183.404
-6180.386
-6181.445
-6181.463
-6226.979
-6227.808
-6185.331
-6190.664
-6170.152
-6189.886
-6176.996
-6198.496
-6210.563
-6184.369
-6169.811
-6200.291
-6183.081
-6209.815
-6191.813
-6174.188
-6179.836
-6184.31
-6168.384
-6221.091
-6180.039
-6180.373
-6240.928
-6178.67
-6178.164
-6211.387
-6281.96
-6306.644
-6170.668
-6203.966
-6178.558
-6182.273
-6180.017
-6219.371
-6188.094
-6183.175
-6173.809
-6175.697
-6177.019
-6177.895
-6174.538
-6181.059
-6169.828
-6173.413
-6184.317
-6208.015
-6171.564
-6178.215
-6183.657
-6173.207
-6206.229
-6178.993
-6173.746
-6243.957
-6172.181
-6173.386
-6197.572
-6218.74
-6175.817
-6170.842
-6172.249
-6184.211
-6206.117
-6187.941
-6177.142
-6179.614
-6191.396
-6174.771
-6202.596
-6173.353
-6173.636
-6182.843
-6206.927
-6188.51
-6192.261
-6170.335
-6178.003
-6183.326
-6193.029
-6174.066
-6188.895
-6193.539
-6186.567
-6172.787
-6208.592
-6183.538
-6230.849
-6171.968
-6218.412
-6193.26
-6182.697
-6194.439
-6239.036
-6226.862
-6215.098
-6207.028
-6196.748
-6170.746
-6176.542
-6227.077
-6182.547
-6171.182
-6234.208
-6187.393
-6206.851
-6180.542
-6181.783
-6191.797
-6179.676
-6186.31
-6168.989
-6181.977
-6193.742
-6170.093
-6181.618
-6179.424
-6204.576
-6174.935
-6176.109
-6185.752
-6179.951
-6179
-6191.286
-6190.167
-6173.652
-6209.01
-6228.884
-6177.804
-6171.3
-6178.517
-6186.427
-6222.158
-6172.848
-6210.043
-6239.223
-6215.83
-6181.596
-6226.796
-6193.84
-6217.387
-6183.387
-6211.147
-6190.502
-6176.284
-6183.095
-6217.352
-6198.699
-6192.455
-6193.388
-6187.265
-6173.481
-6176.259
-6183.955
-6170.985
-6186.549
-6182.631
-6196.752
-6201.115
-6186.792
-6178.55
-6186.401
-6169.765
-6188.116
-6175.594
-6187.746
-6211.773
-6196.931
-6171.949
-6178.182
-6173.15
-6175.69
-6183.157
-6190.809
-6178.375
-6187.785
-6173.891
-6183.578
-6196.969
-6194.025
-6201.942
-6171.064
-6179.839
-6177.839
-6184.744
-6191.066
-6196.566
-6207.865
-6171.419
-6171.877
-6291.032
-6173.021
-6177.415
-6188.821
-6224.603
-6227.07
-6213.356
-6176.25
-6221.511
-6190.843
-6225.923
-6187.198
-6183.467
-6182.867
-6191.098
-6182.424
-6189.223
-6176.649
-6174.821
-6235.168
-6175.386
-6206.297
-6169.469
-6189.202
-6183.309
-6183.576
-6178.34
-6176.438
-6182.244
-6208.118
-6183.319
-6183.429
-6198.546
-6185.147
-6169.805
-6192.973
-6210.439
-6172.067
-6181.199
-6174.893
-6197.846
-6188.722
-6192.024
-6217.351
-6203.645
-6229.431
-6171.593
-6178.727
-6177.806
-6209.369
-6174.795
-6291.602
-6266.124
-6175.421
-6212.171
-6177.005
-6181.827
-6176.351
-6169.711
-6172.82
-6200.047
-6213.283
-6187.931
-6255.994
-6168.841
-6171.712
-6175.742
-6206.2
-6223.342
-6186.57
-6176.794
-6171.306
-6191.896
-6184.39
-6195.694
-6184.143
-6209.853
-6188.572
-6219.438
-6189.317
-6180.042
-6176.345
-6243.761
-6185.461
-6195.803
-6186.382
-6181.876
-6183.664
-6190.408
-6188.567
-6170.617
-6191.824
-6269.668
-6218.575
-6196.185
-6173.936
-6190.961
-6189.679
-6178.893
-6203.274
-6221.494
-6175.232
-6175.677
-6211.603
-6172.447
-6178.943
-6173.701
-6196.535
-6199.265
-6177.801
-6177.908
-6177.306
-6205.624
-6175.247
-6177.622
-6214.482
-6170.72
-6188.651
-6200.07
-6187.096
-6206.553
-6192.026
-6210.895
-6189.974
-6176.748
-6180.714
-6176.988
-6189.349
-6171.739
-6178.534
-6177.524
-6182.157
-6183.999
-6177.57
-6190.387
-6177.349
-6181.572
-6183.443
-6193.58
-6226.05
-6181.58
-6172.85
-6178.385
-6173.321
-6177.052
-6209.104
-6217.684
-6203.687
-6228.855
-6198.919
-6173.521
-6201.514
-6222
-6184.129
-6182.267
-6183.847
-6204.941
-6173.001
-6215.731
-6195.101
-6171.294
-6170.771
-6190.075
-6172.543
-6176.79
-6186.386
-6177.916
-6175.566
-6179.53
-6181.223
-6180.255
-6181.803
-6172.67
-6182.376
-6187.168
-6172.997
-6178.545
-6177.093
-6182.782
-6188.636
-6187.704
-6172.728
-6172.244
-6199.61
-6184.414
-6207.019
-6169.669
-6178.02
-6186.553
-6175.519
-6198.055
-6197.956
-6170.465
-6227.122
-6170.699
-6206.24
-6170.686
-6183.884
-6182.178
-6171.635
-6185.786
-6178.208
-6215.189
-6182.762
-6170.482
-6173.355
-6168.981
-6199.538
-6171.798
-6176.634
-6228.492
-6176.725
-6189.715
-6232.191
-6170.787
-6220.595
-6206.397
-6182.906
-6174.382
-6180.691
-6203.342
-6201.495
-6185.716
-6218.051
-6217.763
-6182.542
-6187.099
-6169.477
-6170.977
-6189.277
-6205.257
-6175.134
-6179.904
-6170.305
-6185.422
-6177.248
-6192.681
-6181.557
-6171.84
-6182.209
-6199.746
-6191.669
-6179.358
-6205.247
-6175.893
-6176.609
-6171.941
-6183.598
-6171.579
-6230.182
-6204.937
-6195.318
-6190.957
-6179.446
-6169.913
-6195.548
-6174.595
-6187.362
-6203.977
-6257.228
-6221.402
-6188.711
-6203.122
-6182.341
-6226.425
-6188.692
-6226.282
-6295.709
-6228.886
-6185.668
-6183.7
-6183.652
-6186.213
-6195.316
-6203.265
-6228.498
-6182.188
-6261.576
-6195.572
-6178.065
-6172.444
-6171.044
-6181.659
-6174.15
-6205.117
-6188.657
-6195.568
-6175.522
-6207.617
-6191.529
-6225.093
-6178.997
-6174.581
-6183.305
-6182.646
-6173.182
-6207.726
-6174.028
-6180.585
-6182.973
-6186.51
-6178.665
-6207.846
-6187.452
-6188.099
-6211.525
-6210.937
-6182.103
-6179.656
-6214.434
-6180.753
-6187.27
-6202.601
-6184.883
-6224.704
-6179.821
-6204.085
-6176.358
-6178.402
-6180.677
-6175.488
-6323.211
-6189.341
-6177.392
-6198.372
-6179.234
-6185.462
-6205.073
-6186.811
-6208.153
-6196.555
-6173.982
-6213.905
-6202.588
-6218.066
-6176.268
-6186.153
-6196.387
-6210.06
-6181.568
-6178.214
-6215.283
-6196.346
-6175.48
-6184.579
-6213.425
-6209.535
-6197.646
-6172.719
-6204.915
-6189.555
-6183.295
-6186.806
-6173.176
-6173.81
-6221.561
-6189.612
-6189.196
-6216.14
-6190.034
-6218.967
-6198.57
-6172.488
-6181.628
-6187.952
-6190.66
-6217.167
-6265.607
-6180.575
-6188.074
-6188.508
-6222.408
-6217.927
-6187.624
-6180.873
-6172.475
-6174.869
-6179.865
-6192.457
-6185.217
-6173.898
-6190.981
-6202.908
-6181.884
-6188.686
-6228.776
-6236.834
-6238.784
-6295.273
-6188.823
-6186.234
-6221.369
-6168.918
-6176.694
-6175.423
-6214.245
-6170.975
-6186.83
-6203.332
-6248.641
-6182.702
-6192.909
-6194.864
-6174.333
-6194.77
-6199.429
-6182.034
-6195.017
-6171.978
-6179.05
-6188.033
-6176.737
-6179.598
-6197.948
-6175.639
-6204.312
-6179.907
-6187.905
-6178.377
-6173.58
-6221.857
-6174.165
-6191.26
-6185.249
-6176.796
-6230.766
-6206.06
-6232.389
-6256.914
-6180.089
-6207.271
-6184.185
-6174.18
-6212.8
-6192.649
-6174.773
-6209.05
-6189.446
-6172.518
-6185.145
-6206.902
-6175.739
-6201.309
-6184.385
-6199.304
-6181.393
-6191.961
-6183.167
-6168.919
-6170.626
-6169.711
-6179.162
-6179.802
-6181.076
-6180.322
-6202.586
-6182.559
-6179.402
-6191.994
-6218.555
-6180.567
-6227.043
-6180.583
-6174.122
-6188.112
-6177.061
-6185.403
-6172.243
-6167.365
-6173.611
-6174.536
-6193.229
-6194.898
-6183.014
-6191.094
-6176.273
-6170.785
-6171.017
-6172.169
-6195.407
-6207.823
-6178.756
-6169.709
-6182.624
-6174.411
-6200.162
-6185.817
-6192.556
-6171.04
-6224.064
-6170.759
-6169.517
-6235.292
-6189.311
-6177.017
-6174.053
-6227.001
-6186.831
-6185.298
-6172.734
-6223.854
-6185.564
-6170.734
-6193.961
-6205.888
-6173.873
-6206.48
-6169.819
-6192.449
-6177.758
-6202.962
-6239.424
-6229.766
-6181.58
-6174.683
-6173.399
-6171.244
-6200.638
-6187.78
-6218.704
-6181.517
-6175.611
-6172.868
-6238.367
-6190.128
-6260.538
-6200.201
-6181.275
-6203.476
-6246.215
-6173.209
-6199.913
-6177.582
-6177.946
-6175.708
-6173.033
-6178.543
-6191
-6190.956
-6173.991
-6189.456
-6184.428
-6172.48
-6223.12
-6178.937
-6186.245
-6169.052
-6180.961
-6175.199
-6188.035
-6175.148
-6199.162
-6193.138
-6218.086
-6208.112
-6191.002
-6195.408
-6190.15
-6177.25
-6179.446
-6179.457
-6181.358
-6175.887
-6191.236
-6174.95
-6193.414
-6222.867
-6188.711
-6189.885
-6193.011
-6191.208
-6218.497
-6185.962
-6184.518
-6175.496
-6208.915
-6188.401
-6243.21
-6216.263
-6184.273
-6188.891
-6173.717
-6177.85
-6175.594
-6185.124
-6201.503
-6199.735
-6193.864
-6298.596
-6181.393
-6180.665
-6187.295
-6216.545
-6172.136
-6215.892
-6212
-6175.611
-6173.007
-6172.627
-6213.397
-6181.301
-6170.554
-6169.025
-6200.811
-6189.441
-6171.333
-6170.159
-6177.819
-6185.301
-6232.382
-6191.301
-6176.094
-6190.937
-6179.658
-6190.301
-6215.301
-6170.598
-6207.241
-6167.671
-6187.125
-6233.657
-6210.504
-6173.526
-6175.758
-6174.776
-6213.022
-6170.924
-6171.244
-6184.092
-6177.832
-6208.893
-6173.228
-6169.307
-6304.433
-6178.463
-6192.025
-6172.203
-6207.638
-6209.503
-6207.538
-6228.713
-6194.668
-6222.406
-6172.004
-6176.538
-6238.811
-6183.022
-6178.69
-6183.847
-6234.915
-6171.426
-6181.744
-6178.116
-6187.486
-6188.985
-6175.727
-6182.662
-6170.991
-6186.384
-6174.915
-6189.175
-6181.427
-6195.858
-6176.04
-6231.942
-6213.45
-6193.602
-6187.06
-6209.779
-6201.705
-6197.682
-6178.375
-6194.017
-6172.442
-6179.621
-6177.134
-6180.227
-6209.805
-6218.85
-6175.381
-6176.822
-6192.493
-6169.93
-6194.464
-6204.526
-6192.681
-6220.161
-6174.495
-6215.005
-6180.64
-6169.312
-6189.308
-6181.629
-6182.837
-6244.672
-6180.35
-6178.556
-6178.928
-6171.619
-6181.154
-6249.968
-6212.611
-6199.28
-6227.684
-6175.484
-6178.212
-6184.469
-6222.179
-6212.586
-6209.954
-6183.531
-6170.209
-6183.282
-6187.843
-6182.991
-6173.707
-6202.755
-6180.877
-6177.835
-6204.912
-6176.707
-6185.167
-6186.823
-6186.731
-6178.335
-6174.577
-6196.426
-6176.391
-6218.503
-6208.475
-6199.666
-6181.063
-6248.636
-6184.523
-6192.989
-6198.322
-6193.555
-6217.992
-6176.78
-6180.54
-6192.086
-6260.603
-6184.745
-6262.643
-6221.267
-6170.204
-6184.76
-6226.139
-6239.083
-6179.585
-6214.113
-6187.612
-6174.575
-6171.365
-6187.438
-6195.226
-6199.819
-6181.461
-6179.522
-6185.79
-6201.755
-6200.896
-6211.718
-6178.388
-6175.337
-6203.81
-6188.083
-6169.384
-6175.708
-6192.871
-6192.37
-6191.459
-6179.101
-6191.94
-6172.815
-6214.744
-6202.989
-6175.516
-6175.004
-6218.872
-6180.513
-6176.566
-6180.748
-6187.751
-6210.698
-6192.382
-6171.605
-6199.393
-6177.924
-6173.329
-6175.347
-6172.561
-6201.672
-6174.51
-6193.677
-6209.751
-6211.845
-6226.513
-6182.604
-6202.147
-6186.613
-6200.596
-6200.603
-6174.117
-6186.102
-6215.326
-6178.196
-6200.276
-6172.825
-6202.279
-6171.828
-6171.971
-6169.358
-6176.231
-6229.174
-6193.118
-6173.127
-6183.745
-6175.012
-6182.115
-6203.633
-6176.905
-6182.356
-6267.287
-6179.196
-6178.733
-6202.227
-6186.121
-6177.475
-6183.246
-6190.003
-6194.938
-6184.336
-6188.852
-6174.41
-6177.547
-6190.571
-6175.299
-6177.448
-6189.081
-6180.314
-6185.42
-6169.696
-6216.806
-6181.924
-6186.222
-6179.313
-6205.521
-6180.734
-6169.365
-6194.256
-6187.628
-6204.895
-6177.892
-6184.374
-6184.392
-6168.536
-6175.841
-6272.618
-6188.759
-6175.448
-6172.259
-6177.654
-6168.157
-6245.437
-6167.958
-6214.88
-6168.838
-6172.839
-6170.067
-6220.743
-6217.7
-6176.992
-6176.852
-6165.699
-6171.839
-6176.131
-6177.7
-6168.487
-6181.709
-6176.311
-6168.035
-6195.087
-6234.239
-6184.339
-6190.993
-6164.496
-6197.25
-6195.197
-6178.306
-6178.852
-6218.946
-6170.392
-6178.419
-6180.91
-6203.309
-6167.27
-6165.757
-6180.045
-6215.22
-6222.647
-6200.342
-6182.566
-6172.404
-6177.385
-6210.347
-6189.286
-6189.661
-6178.203
-6185.704
-6172.303
-6174.555
-6203.866
-6165.308
-6185.389
-6193.574
-6181.195
-6170.181
-6171.597
-6199.932
-6160.742
-6168.777
-6161.06
-6158.968
-6168.174
-6165.078
-6179.865
-6198.685
-6209.709
-6199.055
-6162.773
-6169.708
-6184.421
-6181.819
-6174.021
-6168.289
-6159.245
-6162.121
-6161.737
-6184.731
-6172.246
-6161.416
-6162.972
-6171.901
-6170.992
-6176.614
-6169.468
-6189.42
-6171.619
-6159.808
-6184.633
-6188.036
-6157.344
-6214.479
-6177.116
-6181.457
-6183.445
-6169.108
-6159.466
-6158.703
-6209.941
-6206.28
-6165.74
-6170.697
-6161.562
-6219.982
-6160.812
-6177.559
-6176.185
-6199.513
-6160.602
-6222.425
-6172.633
-6184.869
-6158.486
-6159.901
-6173.468
-6205.733
-6161.609
-6181.295
-6200.96
-6239.211
-6212.403
-6175.453
-6161.596
-6186.55
-6170.438
-6159.742
-6177.654
-6168.138
-6183.374
-6165.607
-6209.556
-6161.122
-6157.54
-6223.38
-6159.69
-6174.046
-6205.61
-6206.323
-6203.84
-6157.671
-6163.559
-6159.421
-6177.821
-6180.938
-6171.053
-6189.727
-6221.662
-6169.604
-6160.025
-6187.299
-6253.352
-6193.097
-6185.704
-6175.15
-6212.799
-6163.562
-6186.485
-6189.837
-6167.24
-6163.643
-6167.491
-6155.31
-6175.577
-6157.115
-6162.039
-6170.386
-6168.244
-6169.48
-6188.187
-6154.747
-6164.029
-6170.953
-6163.398
-6176.821
-6186.981
-6154.455
-6163.012
-6149.024
-6150.391
-6159.726
-6157.303
-6232.124
-6171.091
-6162.8
-6160.66
-6210.68
-6189.528
-6178.832
-6182.089
-6153.557
-6164.233
-6159.963
-6156.365
-6200.965
-6179.14
-6191.427
-6153.953
-6169.255
-6159.843
-6159.256
-6190.989
-6214.598
-6151.843
-6182.905
-6150.432
-6165.035
-6176.629
-6154.132
-6160.645
-6174.544
-6167.129
-6172.808
-6160.013
-6159.586
-6162.606
-6149.133
-6161.63
-6170.58
-6164.548
-6179.366
-6180.296
-6161.546
-6198.432
-6186.478
-6203.629
-6160.121
-6152.632
-6159.308
-6151.759
-6148.543
-6182.056
-6163.893
-6161.483
-6156.113
-6158.743
-6178.582
-6158.249
-6185.891
-6154.409
-6163.414
-6168.647
-6159.519
-6163.844
-6170.177
-6194.895
-6150.233
-6153.323
-6166.261
-6185.294
-6177.298
-6216.362
-6151.229
-6177.001
-6166.845
-6158.205
-6150.881
-6170.465
-6165.465
-6158.54
-6170.567
-6141.967
-6149.719
-6186.768
-6151.634
-6152.414
-6178.47
-6210.123
-6180.563
-6176.196
-6162.202
-6156.764
-6150.448
-6155.084
-6157.954
-6162.192
-6145.396
-6146.495
-6170.476
-6153
-6177.256
-6188.065
-6157.289
-6145.39
-6148.728
-6165.632
-6159.755
-6152.139
-6175.788
-6155.413
-6154.915
-6176.078
-6147.614
-6149.143
-6162.975
-6152.135
-6222.245
-6176.836
-6147.612
-6151.52
-6156.924
-6165.785
-6158.955
-6161.838
-6167.456
-6164.559
-6218.702
-6154.222
-6152.795
-6162.226
-6167.74
-6156.245
-6149.343
-6156.965
-6154.709
-6154.831
-6149.287
-6164.855
-6168.068
-6165.617
-6155.591
-6167.359
-6170.84
-6145.952
-6172.429
-6165.639
-6163.303
-6162.289
-6153.304
-6173.411
-6151.062
-6169.701
-6171.726
-6167.571
-6153.683
-6151.746
-6157.274
-6175.304
-6144.492
-6162.608
-6141.32
-6164.444
-6146.821
-6170.242
-6154.251
-6164.546
-6173.788
-6144.41
-6167.773
-6187.79
-6165.243
-6149.25
-6151.102
-6157.916
-6181.54
-6179.5
-6148.87
-6146.396
-6155.473
-6148.72
-6152.338
-6149.434
-6150.686
-6153.735
-6184.291
-6151.88
-6265.512
-6162.895
-6141.141
-6150.674
-6145.708
-6146.554
-6160.285
-6150.589
-6149.258
-6229.432
-6199.428
-6145.832
-6150.403
-6143.876
-6156.446
-6163.255
-6151.699
-6142.077
-6183.165
-6155.85
-6160.688
-6164.945
-6184.306
-6156.577
-6155.724
-6143.452
-6141.668
-6155.107
-6177.151
-6156.313
-6189.646
-6150.449
-6157.616
-6163.637
-6155.826
-6172.521
-6149.759
-6174.826
-6157.371
-6251.475
-6162.705
-6141.514
-6239.953
-6151.579
-6152.701
-6150.071
-6166.004
-6157.571
-6167.908
-6142.085
-6170.062
-6166.599
-6140.393
-6148.98
-6180.552
-6153.078
-6175.507
-6156.416
-6147.373
-6143.182
-6153.148
-6177.224
-6164.88
-6171.686
-6178.195
-6165.826
-6152.434
-6155.322
-6154.167
-6169.477
-6143.628
-6148.664
-6160.49
-6156.664
-6156.839
-6143.202
-6165.823
-6167.95
-6181.297
-6165.681
-6161.482
-6170.189
-6155.34
-6153.836
-6156.871
-6188.777
-6183.823
-6158.343
-6153.809
-6173.374
-6152.602
-6158.797
-6150.519
-6160.729
-6145.868
-6155.416
-6155.974
-6163.295
-6151.369
-6173.192
-6143.683
-6147.144
-6162.029
-6154.366
-6158.587
-6147.98
-6151.45
-6153.907
-6162.478
-6155.698
-6148.562
-6170.154
-6157.506
-6168.415
-6142.835
-6170.94
-6149.79
-6152.608
-6151.38
-6152.061
-6153.203
-6144.606
-6168.796
-6152.127
-6221.434
-6322.677
-6165.472
-6163.118
-6233.892
-6163.508
-6159.85
-6167.797
-6188.387
-6158.797
-6162.795
-6157.351
-6158.704
-6144.719
-6147.826
-6179.094
-6154.583
-6147.245
-6180.188
-6152.81
-6148.503
-6148.1
-6151.335
-6166.743
-6153.857
-6149.914
-6157.293
-6153.323
-6147.645
-6159.08
-6160.474
-6152.192
-6157.326
-6156.301
-6150.598
-6156.276
-6145.763
-6158.264
-6170.113
-6160.722
-6153.14
-6142.921
-6178.098
-6182.195
-6158.21
-6164.364
-6170.034
-6155.539
-6157.462
-6176.268
-6154.52
-6179.45
-6147.055
-6193.526
-6147.392
-6150.269
-6153.744
-6191.902
-6174.863
-6146.539
-6161.907
-6163.359
-6143.954
-6145.41
-6158.672
-6174.42
-6179.638
-6154.891
-6173.538
-6177.935
-6189.133
-6184.297
-6164.242
-6149.57
-6157.269
-6174.527
-6172.493
-6153.002
-6169.715
-6170.452
-6195.387
-6162.652
-6165.929
-6163.441
-6159.441
-6167.666
-6146.116
-6168.007
-6144.397
-6159.408
-6145.807
-6181.441
-6143.305
-6157.941
-6170.707
-6143.431
-6157.562
-6189.565
-6158.41
-6151.31
-6146.347
-6177.399
-6156.746
-6162.651
-6189.121
-6144.03
-6181.924
-6155.426
-6171.358
-6156.07
-6160.251
-6155.338
-6165.608
-6177.548
-6157.647
-6157.464
-6149.332
-6148.59
-6155.108
-6163.103
-6142.567
-6151.623
-6162.025
-6150.699
-6159.323
-6151.377
-6140.841
-6147.106
-6145.572
-6150.007
-6172.382
-6169.95
-6154.265
-6152.482
-6158.35
-6182.197
-6173.086
-6151.913
-6223.385
-6146.99
-6148.277
-6172.084
-6155.971
-6156.946
-6174.922
-6177.71
-6145.264
-6185.288
-6141.319
-6147.511
-6186.674
-6152.735
-6140.551
-6230.95
-6149.682
-6151.142
-6142.986
-6158.877
-6160.5
-6175.387
-6165.805
-6150.795
-6254.575
-6153.97
-6168.684
-6157.021
-6149.296
-6147.857
-6172.518
-6152.785
-6178.076
-6188.291
-6156.659
-6189.303
-6175.732
-6169.906
-6158.783
-6157.841
-6205.068
-6197.156
-6147.608
-6171.923
-6165.159
-6165.816
-6160.619
-6181.587
-6151.273
-6154.71
-6157.421
-6146.152
-6180.664
-6143.575
-6267.731
-6162.504
-6153.22
-6156.79
-6153.257
-6156.264
-6158.297
-6173.035
-6151.887
-6148.618
-6156.805
-6188.779
-6157.43
-6182.824
-6165.651
-6207.458
-6155.161
-6147.755
-6160.349
-6169.329
-6193.231
-6157.602
-6172.07
-6163.025
-6168.77
-6147.887
-6149.928
-6211.367
-6175.486
-6150.92
-6158.949
-6216.912
-6240.388
-6154.194
-6160.769
-6163.796
-6174.923
-6192.716
-6164.134
-6174.183
-6161.734
-6146.805
-6158.669
-6233.888
-6161.47
-6187.573
-6327.637
-6152.083
-6156.057
-6156.29
-6163.149
-6149.777
-6150.767
-6158.366
-6155.201
-6151.551
-6170.117
-6154.298
-6158.171
-6171.698
-6156.311
-6234.134
-6144.698
-6159.957
-6146.197
-6161.719
-6163.839
-6154.314
-6153.871
-6153.806
-6163.951
-6194.187
-6145.576
-6270.238
-6159.445
-6191.778
-6172.941
-6217.599
-6183.55
-6152.245
-6153.391
-6162.702
-6175.102
-6163.933
-6220.921
-6168.851
-6148.247
-6213.546
-6156.56
-6284.188
-6188.901
-6161.708
-6283.9
-6243.095
-6223.982
-6150.991
-6184.071
-6153.438
-6183.753
-6159.302
-6153.503
-6169.129
-6152.412
-6180.127
-6151.611
-6245.971
-6148.154
-6162.591
-6151.453
-6151.207
-6211.689
-6150.784
-6154.018
-6146.789
-6166.151
-6179.017
-6156.444
-6165.645
-6176.707
-6160.459
-6153.506
-6153.309
-6216.972
-6171.412
-6200.397
-6184.021
-6160.496
-6187.287
-6150.895
-6160.455
-6182.831
-6173.865
-6160.435
-6206.745
-6166.817
-6153.423
-6195.386
-6155.718
-6151.243
-6154.926
-6171.817
-6158.207
-6193.552
-6190.556
-6148.872
-6155.321
-6159.675
-6172.869
-6154.455
-6158.658
-6171.773
-6159.136
-6147.528
-6148.463
-6157.22
-6176.543
-6154.945
-6192.319
-6169.316
-6205.149
-6145.715
-6154.854
-6144.021
-6183.505
-6267.228
-6208.21
-6185.548
-6176.341
-6159.191
-6164.925
-6159.073
-6149.738
-6166.395
-6149.475
-6211.56
-6157.542
-6161.468
-6160.619
-6171.341
-6175.158
-6159.181
-6155.917
-6157.283
-6162.855
-6177.888
-6145.541
-6176.354
-6142.463
-6152.311
-6164.705
-6154.212
-6151.665
-6167.851
-6146.791
-6152.526
-6147.894
-6156.266
-6158.785
-6176.301
-6159.577
-6153.006
-6159.934
-6158.094
-6149.253
-6155.341
-6156.865
-6156.463
-6159.479
-6142.059
-6154.715
-6153.656
-6154.815
-6150.617
-6165.507
-6191.229
-6183.49
-6171.77
-6171.873
-6164.552
-6158.227
-6155.847
-6196.029
-6145.135
-6151.216
-6158.808
-6152.339
-6145.082
-6145.479
-6196.357
-6177.835
-6156.199
-6155.204
-6162.714
-6167.384
-6147.791
-6194.16
-6146.826
-6163.79
-6163.319
-6165.853
-6171.523
-6175.738
-6169.985
-6166.264
-6154.72
-6164.581
-6192.319
-6257.37
-6164.134
-6187.515
-6171.137
-6158.959
-6189.245
-6148.469
-6171.253
-6179.555
-6155.849
-6151.573
-6206.798
-6293.587
-6156.079
-6183.185
-6167.085
-6176.308
-6170.273
-6166.206
-6160.515
-6149.7
-6165.608
-6150.371
-6158.655
-6158.035
-6145.778
-6157.706
-6168.961
-6150.735
-6174.626
-6179.975
-6189.171
-6148.071
-6164.268
-6171.42
-6164.409
-6222.939
-6145.831
-6168.574
-6161.11
-6166.879
-6162.661
-6233.02
-6178.961
-6167.277
-6280.544
-6148.318
-6174.892
-6166.491
-6168.536
-6152.956
-6205.113
-6154.891
-6211.289
-6180.003
-6155.959
-6149.509
-6159.872
-6179.386
-6179.088
-6174.114
-6159.436
-6154.359
-6165.582
-6173.993
-6190.951
-6149.203
-6178.487
-6188.501
-6160.998
-6369.148
-6174.381
-6209.221
-6156.635
-6151.942
-6170.188
-6144.594
-6175.868
-6154.182
-6151.646
-6152.092
-6144.532
-6154.004
-6141.531
-6147.382
-6155.183
-6180.023
-6150.398
-6148.933
-6151.464
-6167.088
-6149.217
-6153.861
-6152.8
-6188.345
-6152.334
-6156.358
-6164.438
-6151.65
-6145.658
-6162.044
-6158.132
-6208.375
-6158.615
-6144.96
-6177.004
-6156.63
-6168.844
-6179.805
-6158.711
-6140.432
-6171.539
-6147.876
-6144.363
-6183.255
-6149.837
-6312.636
-6149.862
-6150.979
-6168.537
-6148.478
-6144.18
-6152.204
-6181.446
-6144.576
-6152.622
-6150.787
-6146.665
-6161.43
-6151.614
-6160.03
-6151.747
-6161.392
-6152.215
-6142.522
-6152.281
-6147.39
-6149.292
-6145.363
-6144.246
-6164.156
-6166.499
-6141.394
-6171.34
-6143.806
-6173.858
-6158.988
-6159.938
-6146.341
-6156.961
-6154.23
-6175.315
-6156.132
-6157.962
-6143.524
-6161.983
-6142.709
-6143.468
-6151.828
-6152.357
-6145.903
-6153.741
-6166.678
-6150.596
-6166.954
-6140.964
-6147.76
-6173.389
-6164.541
-6144.504
-6149.296
-6147.889
-6245.933
-6143.565
-6167.022
-6155.113
-6145.294
-6155.386
-6155.381
-6143.343
-6148.511
-6148.139
-6143.324
-6141.051
-6214.641
-6157.458
-6145.547
-6158.605
-6153.173
-6159.494
-6173.219
-6176.817
-6330.28
-6144.033
-6139.797
-6147.797
-6177.716
-6146.368
-6143.443
-6155.762
-6162.371
-6144.86
-6157.8
-6147.297
-6150.5
-6163.072
-6156.435
-6149.167
-6150.981
-6170.84
-6159.096
-6150.067
-6173.363
-6180.931
-6142.6
-6146.434
-6170.788
-6179.258
-6226.483
-6162.085
-6149.847
-6144.68
-6207.794
-6179.044
-6147.21
-6141.413
-6149.86
-6166.271
-6172.972
-6320.824
-6145.877
-6150.87
-6153.965
-6319.002
-6150.542
-6150.697
-6163.018
-6147.332
-6158.041
-6151.722
-6152.143
-6175.901
-6148.92
-6194.14
-6169.914
-6149.728
-6170.686
-6200.446
-6227.526
-6195.902
-6150.363
-6161.342
-6159.62
-6163.192
-6222.542
-6152.106
-6170.337
-6146.459
-6161.336
-6159.076
-6187.517
-6160.123
-6151.436
-6175.13
-6204.944
-6160.459
-6147.259
-6164.87
-6147.11
-6177.834
-6152.371
-6187.726
-6184.195
-6143.903
-6144.944
-6191.991
-6155.351
-6143.323
-6147.625
-6194.656
-6156.672
-6144.69
-6153.669
-6151.487
-6159.832
-6156.654
-6157.275
-6161.004
-6144.709
-6160.449
-6152.661
-6148.647
-6149.456
-6142.624
-6155.128
-6150.341
-6307.33
-6155.316
-6172.436
-6168.231
-6146.09
-6158.445
-6153.682
-6196.314
-6200.987
-6154.585
-6247.637
-6162.526
-6147.74
-6146.883
-6159.732
-6159.064
-6171.728
-6174.148
-6193.245
-6174.028
-6163.388
-6221.946
-6150.49
-6151.043
-6151.01
-6185.292
-6165.944
-6143.016
-6174.395
-6192.542
-6143.183
-6161.049
-6151.148
-6161.402
-6141.7
-6153.257
-6214.206
-6151.328
-6327.445
-6158.847
-6159.965
-6171.967
-6147.88
-6156.727
-6147.865
-6154.159
-6179.376
-6160.284
-6162.731
-6155.686
-6178.616
-6160.106
-6156.75
-6145.781
-6211.572
-6149.835
-6164.514
-6146.425
-6150.254
-6146.923
-6177.087
-6184.746
-6163.75
-6251.535
-6155.31
-6163.516
-6161.75
-6156.585
-6179.88
-6154.236
-6175.968
-6152.594
-6159.182
-6148.153
-6142.305
-6184.204
-6149.94
-6143.393
-6142.713
-6154.517
-6157.118
-6168.848
-6164.749
-6154.625
-6167.204
-6143.729
-6170.538
-6183.69
-6172.503
-6163.285
-6147.923
-6150.501
-6146.111
-6149.166
-6149.29
-6152.56
-6179.439
-6148.332
-6169.109
-6162.791
-6142.162
-6150.993
-6159.072
-6164.91
-6255.071
-6163.412
-6149.837
-6146.319
-6166.005
-6179.283
-6269.232
-6147.241
-6152.987
-6171.065
-6145.397
-6144.191
-6159.638
-6150.651
-6153.176
-6168.258
-6161.693
-6153.156
-6160.763
-6147.117
-6153.032
-6170.651
-6162.305
-6216.976
-6148.465
-6152.216
-6141.008
-6161.228
-6146.896
-6187.571
-6142.363
-6153.481
-6184.896
-6187.29
-6155.96
-6147.442
-6150.012
-6150.592
-6164.688
-6151.07
-6180.693
-6145.973
-6146.435
-6210.412
-6144.024
-6166.235
-6165.603
-6143.75
-6171.371
-6167.92
-6188.975
-6141.034
-6194.438
-6159.356
-6147.956
-6171.991
-6167.632
-6147.914
-6182.111
-6171.868
-6149.767
-6163.357
-6203.369
-6155.915
-6152.664
-6156.289
-6173.315
-6148.13
-6146.987
-6195.87
-6150.206
-6192.93
-6146.666
-6141.012
-6178.551
-6171.747
-6149.287
-6158.255
-6144.953
-6154.048
-6142.323
-6143.361
-6181.052
-6175.81
-6149.303
-6144.018
-6168.417
-6149.16
-6196.33
-6155.434
-6171.486
-6171.203
-6159.548
-6170.06
-6152.308
-6175.532
-6141.504
-6143.65
-6146.644
-6146.669
-6142.107
-6147.534
-6179.634
-6159.861
-6164.432
-6148.21
-6162.005
-6148.845
-6158.265
-6147.249
-6148.988
-6140.362
-6160.117
-6139.541
-6171.387
-6162.902
-6193.371
-6150.698
-6227.299
-6146.475
-6156.838
-6150.798
-6152.616
-6178.998
-6183.689
-6192.71
-6154.249
-6247.742
-6142.846
-6154.962
-6169.934
-6157.265
-6154.097
-6146.152
-6155.061
-6159.514
-6139.523
-6145.529
-6150.793
-6157.914
-6148.612
-6157.721
-6142.713
-6145.256
-6149.551
-6193.904
-6148.282
-6147.072
-6189.296
-6147.675
-6148.129
-6153.258
-6146.35
-6288.782
-6153.239
-6174.131
-6144.732
-6162.003
-6142.972
-6229.589
-6176.041
-6165.372
-6181.178
-6170.005
-6180.582
-6166.843
-6154.046
-6218.359
-6146.213
-6144.205
-6147.372
-6149.902
-6179.648
-6141.196
-6166.612
-6147.818
-6152.65
-6162.201
-6159.544
-6148.805
-6145.344
-6153.404
-6151.261
-6166.352
-6161.46
-6146.849
-6175.563
-6224.287
-6162.845
-6145.244
-6153.435
-6154.195
-6151.331
-6150.804
-6156.064
-6143.129
-6150.579
-6148.855
-6164.051
-6153.609
-6146.101
-6150.13
-6167.52
-6179.266
-6154.176
-6153.09
-6221.914
-6149.784
-6171.123
-6151.78
-6148.37
-6150.601
-6151.651
-6157.545
-6154.041
-6141.3
-6145.272
-6144.776
-6146.986
-6159.889
-6199.365
-6153.663
-6194.759
-6159.071
-6160.659
-6162.04
-6151.477
-6146.711
-6143.751
-6219.215
-6149.693
-6139.707
-6144.029
-6176.292
-6179.905
-6153.119
-6176.318
-6152.017
-6144.364
-6153.727
-6162.66
-6149.724
-6169.719
-6178.538
-6168.249
-6197.31
-6169.116
-6162.352
-6173.549
-6158.569
-6149.509
-6150.107
-6168.713
-6156.61
-6144.817
-6144.665
-6141.907
-6182.741
-6149.337
-6142.907
-6169.796
-6159.99
-6161.327
-6144.429
-6160.19
-6145.537
-6145.155
-6139.659
-6162.578
-6147.628
-6149.758
-6161.778
-6175.078
-6166.895
-6179.571
-6154.857
-6144.646
-6147.908
-6142.456
-6171.115
-6156.172
-6144.182
-6159.909
-6166.989
-6151.437
-6170.383
-6143.254
-6151.816
-6192.584
-6141.937
-6144.729
-6153.126
-6157.656
-6152.116
-6140.836
-6203.476
-6149.586
-6171.549
-6176.143
-6170.709
-6168.618
-6156.612
-6181.439
-6146.056
-6162.494
-6144.186
-6166.664
-6149.198
-6146.244
-6152.039
-6173.658
-6149.38
-6158.256
-6143.266
-6145.301
-6154.973
-6142.026
-6186.311
-6262.866
-6186.333
-6166.2
-6162.138
-6139.805
-6147.371
-6142.865
-6175.297
-6155.521
-6212.767
-6164.497
-6158.802
-6146.234
-6140.581
-6145.207
-6174.03
-6159.504
-6178.566
-6265.306
-6178.723
-6191.534
-6153.41
-6140.51
-6152.246
-6151.335
-6168.394
-6172.686
-6153.24
-6170.794
-6147.852
-6144.819
-6147.311
-6144.972
-6172.506
-6174.955
-6139.65
-6175.387
-6156.895
-6142.682
-6148.791
-6168.152
-6152.126
-6141.865
-6157.711
-6193.227
-6144.534
-6139.827
-6146.22
-6140.477
-6148.865
-6155.342
-6143.251
-6158.732
-6153.996
-6164.382
-6173.765
-6142.186
-6141.161
-6206.464
-6143.395
-6144.944
-6221.141
-6147.119
-6152.399
-6161.997
-6170.602
-6165.646
-6149.921
-6146.484
-6157.2
-6153.574
-6201.59
-6150.3
-6182.097
-6203.083
-6149.761
-6143.736
-6143.933
-6152.845
-6141.18
-6142.712
-6145.317
-6154.465
-6168.534
-6139.691
-6153.379
-6165.411
-6144.942
-6159.645
-6159.429
-6145.15
-6165.705
-6143.982
-6166.007
-6176.692
-6156.056
-6143.319
-6158.837
-6151.333
-6185.387
-6157.643
-6147.79
-6147.354
-6150.571
-6141.575
-6168.849
-6145.604
-6155.457
-6143.528
-6158.456
-6150.84
-6151.199
-6177.411
-6147.144
-6147.524
-6152.179
-6194.726
-6144.157
-6143.558
-6158.467
-6151.412
-6147.43
-6148.511
-6148.508
-6146.167
-6140.209
-6145.003
-6141.43
-6142.649
-6173.066
-6143.185
-6146.924
-6155.602
-6145.342
-6152.727
-6142.017
-6154.236
-6150.026
-6148.723
-6144.362
-6152.214
-6148.268
-6153.694
-6186.306
-6149.455
-6157.462
-6153.749
-6168.406
-6147.541
-6167.987
-6155.672
-6163.59
-6154.708
-6147.688
-6171.2
-6151.986
-6137.643
-6143.487
-6140.784
-6139.15
-6157.426
-6146.975
-6148.089
-6183.277
-6155.416
-6138.466
-6175.848
-6143.067
-6143.64
-6149.508
-6151.268
-6144.202
-6140.166
-6143.396
-6150.715
-6160.344
-6146.035
-6153.544
-6148.21
-6151.852
-6143.033
-6140.838
-6141.242
-6152.206
-6146.174
-6157.959
-6144.018
-6139.753
-6144.32
-6141.753
-6147.038
-6147.526
-6192.92
-6150.147
-6146.86
-6141.036
-6143.205
-6143.494
-6161.315
-6141.729
-6156.62
-6139.906
-6152.557
-6141.146
-6169.316
-6160.742
-6150.56
-6184.8
-6148.665
-6144.38
-6148.951
-6140.751
-6150.441
-6146.997
-6141.867
-6138.979
-6136.352
-6156.803
-6148.525
-6150.938
-6153.652
-6153.083
-6162.028
-6145.275
-6148.266
-6144.686
-6146.213
-6143.241
-6152.677
-6140.225
-6152.882
-6140.653
-6146.157
-6151.511
-6142.472
-6145.349
-6167.689
-6144.301
-6146.399
-6141.511
-6143.663
-6147.573
-6141.917
-6157.515
-6165.51
-6144.719
-6149.603
-6177.178
-6146.336
-6159.689
-6159.072
-6147.111
-6142.599
-6135.868
-6137.947
-6146.48
-6171.753
-6176.094
-6143.014
-6138.814
-6144.125
-6158.671
-6143.043
-6142.535
-6150.122
-6150.587
-6178.657
-6144.678
-6159.216
-6141.729
-6163.073
-6141.87
-6145.53
-6151.571
-6141.777
-6145.917
-6153.361
-6141.645
-6155.867
-6138.649
-6143.379
-6139.999
-6138.648
-6144.598
-6149.215
-6136.858
-6136.727
-6145.548
-6136.288
-6185.76
-6171.011
-6140.336
-6155.58
-6138.966
-6139.86
-6137.158
-6153.318
-6142.854
-6143.516
-6138.16
-6144.211
-6152.381
-6139.725
-6161.567
-6169.628
-6136.802
-6155.288
-6138.516
-6140.908
-6138.745
-6144.281
-6148.881
-6141.579
-6141.081
-6148.795
-6179.107
-6166.13
-6147.683
-6186.351
-6141.711
-6136.596
-6145.329
-6136.885
-6157.032
-6150.468
-6142.212
-6144.808
-6140.178
-6154.394
-6153.392
-6138.363
-6148.698
-6145.793
-6134.774
-6136.17
-6144.542
-6139.503
-6141.374
-6145.855
-6144.077
-6157.228
-6137.145
-6152.305
-6168.694
-6138.701
-6136.26
-6154.512
-6144.879
-6148.389
-6143.675
-6139.812
-6140.541
-6145.065
-6149.555
-6139.64
-6137.592
-6140.452
-6147.232
-6147.067
-6146.021
-6134.441
-6133.569
-6152.548
-6135.352
-6150.449
-6148.005
-6140.035
-6162.933
-6136.291
-6137.971
-6145.091
-6139.355
-6138.973
-6141.25
-6140.921
-6135.816
-6146.871
-6153.729
-6136.136
-6144.841
-6140.696
-6158.7
-6155.178
-6148.771
-6137.316
-6141.689
-6163.163
-6146.375
-6161.269
-6137.623
-6150.737
-6145.331
-6146.079
-6154.125
-6159.698
-6139.65
-6136.671
-6148.162
-6146.746
-6142.205
-6141.845
-6141.778
-6140.292
-6150.88
-6144.673
-6148.298
-6141.78
-6151.966
-6151.211
-6145.682
-6138.766
-6151.774
-6153.731
-6136.959
-6153.638
-6144.593
-6143.912
-6143.068
-6143.949
-6138.109
-6146.838
-6135.472
-6156.759
-6138.043
-6150.406
-6152.412
-6137.095
-6141.696
-6139.79
-6144.599
-6135.65
-6147.458
-6137.59
-6137.132
-6141.253
-6152.625
-6135.289
-6143.43
-6145.912
-6146.543
-6142.316
-6135.574
-6143.099
-6152.04
-6140.678
-6142.277
-6142.958
-6147.856
-6135.431
-6149.349
-6149.186
-6135.005
-6140.644
-6140.643
-6151.904
-6142.716
-6138.153
-6148.949
-6170.84
-6138.892
-6146.918
-6138.951
-6139.001
-6139.103
-6133.917
-6150.249
-6140.949
-6135.653
-6143.433
-6140.922
-6135.782
-6146.46
-6147.187
-6143.752
-6139.425
-6137.001
-6133.354
-6145.289
-6136.626
-6133.491
-6135.72
-6136.017
-6150.776
-6143.801
-6141.128
-6141.272
-6133.928
-6150.141
-6137.236
-6140.872
-6133.202
-6138.673
-6137.313
-6141.321
-6148.227
-6141.936
-6139.753
-6161.087
-6140.717
-6151.433
-6143.242
-6132.143
-6147.248
-6145.126
-6140.518
-6135.096
-6137.674
-6137.397
-6143.616
-6140.914
-6141.488
-6138.172
-6134.264
-6137.525
-6142.997
-6137.566
-6137.385
-6154.402
-6132.546
-6136.142
-6146.705
-6143.424
-6139.399
-6151.051
-6145.246
-6140.997
-6141.122
-6144.845
-6139.8
-6150.609
-6137.943
-6133.993
-6148.793
-6140.65
-6157.734
-6140.838
-6139.761
-6133.689
-6141.707
-6135.154
-6137.979
-6139.176
-6148.39
-6139.586
-6138.862
-6136.146
-6146.041
-6131.84
-6148.963
-6137.655
-6137.538
-6139.087
-6136.243
-6131.957
-6142.974
-6137.964
-6157.855
-6134.035
-6143.492
-6141.088
-6138.767
-6136.764
-6143.451
-6135.502
-6131.992
-6135.237
-6133.914
-6144.932
-6143.189
-6134.783
-6134.493
-6135.536
-6134.788
-6141.775
-6140.946
-6136.654
-6138.748
-6135.426
-6133.918
-6137.841
-6141.505
-6138.172
-6134.648
-6131.258
-6132.861
-6139.358
-6133.077
-6137.834
-6132.618
-6133.61
-6137.141
-6146.081
-6154.524
-6137.771
-6145.413
-6133.147
-6139.496
-6139.506
-6142.058
-6134.32
-6132.278
-6141.314
-6140.486
-6164.564
-6132.062
-6150.848
-6142.543
-6133.147
-6133.76
-6143.284
-6150.633
-6142.882
-6147.801
-6135.059
-6134.314
-6138.859
-6137.959
-6137.699
-6139.312
-6141.65
-6141.417
-6139.523
-6139.652
-6139.667
-6136.872
-6139.469
-6151.419
-6134.524
-6137.525
-6136.425
-6142.76
-6141.044
-6143.663
-6144.52
-6137.374
-6138.43
-6143.807
-6135.905
-6140.304
-6144.131
-6142.191
-6143.393
-6136.349
-6159.028
-6144.747
-6142.708
-6148.21
-6155.216
-6145.877
-6145.594
-6176.936
-6143.186
-6146.967
-6180.915
-6141.046
-6151.787
-6132.957
-6136.389
-6137.589
-6152.014
-6138.44
-6153.928
-6151.242
-6135.569
-6136.206
-6135.882
-6136.17
-6140.518
-6139.369
-6142.214
-6137.912
-6143.37
-6133.757
-6142.48
-6137.933
-6150.599
-6138.621
-6137.919
-6135.346
-6141.88
-6142.13
-6139.921
-6141.565
-6151.202
-6145.296
-6141.543
-6146.579
-6143.086
-6132.381
-6136.147
-6140.368
-6153.029
-6145.842
-6201.567
-6143.812
-6152.702
-6144.454
-6146.821
-6134.473
-6134.116
-6137.47
-6139.866
-6136.686
-6144.255
-6137.699
-6139.12
-6147.143
-6144.601
-6149.744
-6149.273
-6145.777
-6143.474
-6147.311
-6133.364
-6132.425
-6143.091
-6144.031
-6133.024
-6141.978
-6135.449
-6145.244
-6138.38
-6134.081
-6139.464
-6134.294
-6145.147
-6154.464
-6133.535
-6142.61
-6136.029
-6151.607
-6146.618
-6141.514
-6136.399
-6145.406
-6141.325
-6145.437
-6136.083
-6135.541
-6136.053
-6140.725
-6142.643
-6135.733
-6137.418
-6135.012
-6134.626
-6134.739
-6144.307
-6137.07
-6157.508
-6144.832
-6139.402
-6144.847
-6144.032
-6150.621
-6152.254
-6137.451
-6153.155
-6138.364
-6135.846
-6138.809
-6154.733
-6147.579
-6134.22
-6133.387
-6145.073
-6143.36
-6143.741
-6137.586
-6138.111
-6135.552
-6155.356
-6137.951
-6144.232
-6141.863
-6146.532
-6146.39
-6145.516
-6140.642
-6140.956
-6189.345
-6131.645
-6135.498
-6150.878
-6133.946
-6140.338
-6141.572
-6143.353
-6137.909
-6135.906
-6135.186
-6152.395
-6136.236
-6135.328
-6146.581
-6151.858
-6141.857
-6137.939
-6137.946
-6135.094
-6149.231
-6145.469
-6138.604
-6138.513
-6135.823
-6138.062
-6137.056
-6137.944
-6136.572
-6133.031
-6134.686
-6141.228
-6168.876
-6134.568
-6144.672
-6149.125
-6154.734
-6135.796
-6162.794
-6143.094
-6143.012
-6133.497
-6139.738
-6141.835
-6141.968
-6134.961
-6137.012
-6133.067
-6134.672
-6141.12
-6153.519
-6139.433
-6144.434
-6143.793
-6136.807
-6144.222
-6156.436
-6144.497
-6145.966
-6144.102
-6137.733
-6135.825
-6134.267
-6141.083
-6135.598
-6144.415
-6135.282
-6141.155
-6140.136
-6146.546
-6135.681
-6147.345
-6142.407
-6144.691
-6158.618
-6139.042
-6148.702
-6134.22
-6139.854
-6138.607
-6136.181
-6140.674
-6145.792
-6138.708
-6141.785
-6140.183
-6149.912
-6141.777
-6147.548
-6142.562
-6152.367
-6133.616
-6138.659
-6152.523
-6144.437
-6152.93
-6157.006
-6143.572
-6145.419
-6144.317
-6137.682
-6143.892
-6139.114
-6155.993
-6144.988
-6136.521
-6150.48
-6146.855
-6149.488
-6142.28
-6146.688
-6142.472
-6143.212
-6156.656
-6145.594
-6137.452
-6143.606
-6143.338
-6138.954
-6150.342
-6144.743
-6146.339
-6135.996
-6140.472
-6155.818
-6135.39
-6160.27
-6163.754
-6149.392
-6135.965
-6138.837
-6148.517
-6145.516
-6142.95
-6147.9
-6141.025
-6158.225
-6164.383
-6136.023
-6177.175
-6145.136
-6142.177
-6132.069
-6149.534
-6150.983
-6142.942
-6140.222
-6136.455
-6152.889
-6138.083
-6138.298
-6141.199
-6149.068
-6141.455
-6150.211
-6133.874
-6139.606
-6140.667
-6139.285
-6147.113
-6145.464
-6134.747
-6132.616
-6134.42
-6136.182
-6144.158
-6149.244
-6138.79
-6138.315
-6134.341
-6136.345
-6134.294
-6143.377
-6152.125
-6146.097
-6160.916
-6141.953
-6140.163
-6136.235
-6133.055
-6134.315
-6152.799
-6136.693
-6136.814
-6148.304
-6147.213
-6132.894
-6135.485
-6139.674
-6141.623
-6152.003
-6143.617
-6146.111
-6139.626
-6139.683
-6139.922
-6137.04
-6143.808
-6133.761
-6159.503
-6166.442
-6152.985
-6141.63
-6137.691
-6138.117
-6137.786
-6149.367
-6138.383
-6136.261
-6157.922
-6140.986
-6141.359
-6139.057
-6149.682
-6174.07
-6140.204
-6141.832
-6146.434
-6133.809
-6145.552
-6139.975
-6144.52
-6140.52
-6147.38
-6166.572
-6146.028
-6137.465
-6141.29
-6149.218
-6139.078
-6139.052
-6141.566
-6137.673
-6147.718
-6137.476
-6134.216
-6160.158
-6136.566
-6146.488
-6147.906
-6150.444
-6165.164
-6140.703
-6136.383
-6149.294
-6140.28
-6138.718
-6136.811
-6140.067
-6143.328
-6143.004
-6145.823
-6149.44
-6135.373
-6149.56
-6147.837
-6139.394
-6145.709
-6167.232
-6146.042
-6153.945
-6138.699
-6141.169
-6143.988
-6171.456
-6140.664
-6138.263
-6135.039
-6137.71
-6142.586
-6143.61
-6151.797
-6136.374
-6142.404
-6135.137
-6150.794
-6140.586
-6148.772
-6140.843
-6137.344
-6133.82
-6144.2
-6142.882
-6135.954
-6145.901
-6150.399
-6151.429
-6141.576
-6137.873
-6138.274
-6148.559
-6141.16
-6135.082
-6133.04
-6137.059
-6162.068
-6136.826
-6135.404
-6136.253
-6147.543
-6136.862
-6141.332
-6139.041
-6138.812
-6139.156
-6137.681
-6135.731
-6136.188
-6146.982
-6135.535
-6139.547
-6147.556
-6133.586
-6140.668
-6140.704
-6139.963
-6142.602
-6151.328
-6163.154
-6153.268
-6144.058
-6147.989
-6141.119
-6145.702
-6137.769
-6145.316
-6141.137
-6142.474
-6137.526
-6140.961
-6151.894
-6134.455
-6139.438
-6157.978
-6134.002
-6148.052
-6134.579
-6141.552
-6136.364
-6140.836
-6140.239
-6163.651
-6133.211
-6134.535
-6137.152
-6131.705
-6139.476
-6144.915
-6148.126
-6138.706
-6132.405
-6140.382
-6135.148
-6138.021
-6142.164
-6132.765
-6133.654
-6135.74
-6136.701
-6137.63
-6139.404
-6145.597
-6136.879
-6137.401
-6141.96
-6138.536
-6132.904
-6134.408
-6137.725
-6133.615
-6139.256
-6140.025
-6143.168
-6141.581
-6144.752
-6143.261
-6144.048
-6142.687
-6133.749
-6138.82
-6135.612
-6133.316
-6151.784
-6136.784
-6137.575
-6135.258
-6154.014
-6140.111
-6136.365
-6138.676
-6181.591
-6141.194
-6132.949
-6131.663
-6132.735
-6136.456
-6135.618
-6132.444
-6136.884
-6136.267
-6146.808
-6133.05
-6142.324
-6136.971
-6144.282
-6145.652
-6158.782
-6151.481
-6148.927
-6163.843
-6161.687
-6137.385
-6133.451
-6152.991
-6138.103
-6143.691
-6150.661
-6137.495
-6144.091
-6139.34
-6141.835
-6137.345
-6133.116
-6138.081
-6142.885
-6141.609
-6145.713
-6138.284
-6150.18
-6156.921
-6162.007
-6144.216
-6138.024
-6141.499
-6145.331
-6143.985
-6140.237
-6197.274
-6146
-6156.541
-6146.465
-6138.094
-6136.666
-6135.851
-6136.074
-6145.954
-6137.359
-6141.973
-6138.168
-6143.367
-6136.233
-6138.52
-6141.439
-6141.024
-6134.602
-6135.351
-6143.699
-6156.944
-6133.867
-6138.753
-6138.617
-6140.724
-6142.484
-6137.522
-6141.104
-6139.101
-6142.18
-6139.167
-6142.216
-6142.829
-6141.078
-6137.414
-6133.817
-6132.586
-6146.431
-6136.398
-6144
-6152.509
-6144.873
-6135.675
-6150.293
-6154.702
-6137.48
-6139.842
-6138.295
-6143.312
-6141.015
-6133.082
-6142.113
-6149.002
-6140.123
-6161.494
-6143.925
-6139.439
-6144.224
-6142.384
-6139.259
-6139.398
-6137.8
-6144.267
-6142.069
-6134.684
-6132.487
-6134.411
-6135.813
-6150.477
-6140.542
-6135.481
-6145.077
-6144.777
-6133.787
-6161.194
-6145.882
-6148.393
-6154.239
-6140.046
-6149.938
-6143.859
-6148.276
-6136.582
-6146.912
-6164.425
-6144.682
-6137.76
-6144.719
-6134.024
-6149.904
-6146.633
-6153.556
-6140.963
-6135.95
-6150.916
-6156.476
-6152.008
-6143.24
-6135.172
-6131.753
-6130.975
-6146.627
-6137.784
-6146.129
-6140.414
-6133.001
-6139.988
-6133.972
-6132.387
-6132.725
-6150.514
-6146.886
-6165.726
-6138.821
-6135.02
-6140.472
-6134.611
-6145.686
-6143.686
-6142.229
-6135.284
-6139.52
-6136.454
-6133.966
-6133.739
-6143.928
-6135.832
-6141.922
-6134.901
-6149.918
-6144.605
-6135.339
-6142.979
-6136.965
-6137.666
-6149.737
-6159.063
-6139.911
-6153.456
-6137.729
-6139.718
-6151.597
-6152.001
-6139.625
-6134.536
-6132.471
-6137.835
-6136.619
-6136.671
-6145.784
-6148.863
-6132.62
-6138.971
-6144.228
-6137.337
-6147.477
-6137.968
-6160.229
-6134.954
-6142.024
-6147.053
-6132.424
-6138.557
-6134.635
-6146.33
-6146.419
-6145.794
-6148.473
-6142.983
-6159.901
-6141.758
-6151.876
-6135.994
-6137.05
-6146.827
-6134.122
-6143.436
-6144.333
-6155.156
-6146.315
-6149.83
-6154.206
-6133.611
-6137.516
-6155.673
-6141.6
-6165.833
-6136.371
-6134.875
-6140.769
-6146.456
-6151.512
-6142.383
-6145.712
-6147.75
-6144.357
-6141.545
-6144.318
-6136.287
-6146.968
-6142.919
-6142.261
-6145.228
-6143.026
-6143.108
-6142.473
-6155.929
-6146.472
-6136.299
-6146.6
-6136.785
-6147.031
-6138.987
-6176.652
-6152.558
-6151.564
-6143.329
-6155.947
-6138.395
-6135.618
-6140.723
-6135.408
-6138.508
-6162.063
-6146.563
-6142.761
-6143.197
-6146.065
-6155.435
-6138.82
-6136.974
-6144.301
-6140.867
-6138.68
-6137.631
-6151.23
-6135.725
-6135.63
-6164.105
-6145.197
-6137.793
-6153.112
-6141.831
-6153.597
-6149.135
-6142.799
-6143.077
-6148.717
-6144.503
-6157.292
-6149.484
-6141.405
-6153.576
-6141.246
-6140.119
-6147.506
-6156.781
-6145.645
-6154.961
-6137.7
-6177.304
-6166.072
-6148.798
-6133.489
-6134.346
-6146.582
-6145.072
-6150.91
-6149.757
-6143.479
-6132.532
-6134.01
-6139.989
-6155.844
-6140.753
-6139.46
-6134.223
-6150.07
-6140.167
-6137.011
-6137.743
-6158.357
-6138.94
-6135.992
-6136.343
-6139.397
-6138.261
-6136.154
-6144.555
-6154.35
-6148.143
-6134.991
-6135.177
-6159.356
-6140.902
-6133.766
-6145.191
-6148.85
-6133.24
-6140.441
-6135.055
-6158.665
-6146.075
-6141.053
-6142.928
-6134.464
-6137.644
-6141.599
-6147.003
-6143.389
-6139.152
-6142.58
-6136.026
-6144.558
-6142.684
-6142.246
-6135.941
-6134.151
-6140.215
-6137.853
-6135.677
-6143.808
-6137.011
-6156.439
-6139.51
-6138.991
-6135.427
-6150.455
-6133.722
-6133.328
-6135.435
-6160.945
-6134.722
-6148.627
-6144.99
-6138.835
-6135.795
-6144.073
-6141.882
-6138.283
-6151.7
-6151.42
-6155.184
-6138.358
-6139.014
-6143.485
-6147.922
-6140.813
-6134.116
-6136.313
-6141.883
-6140.326
-6143.105
-6166.148
-6156.149
-6138.118
-6141.888
-6138.462
-6140.449
-6144.953
-6144.719
-6136.671
-6140.343
-6155.487
-6151.59
-6146.282
-6138.642
-6157.576
-6149.67
-6141.949
-6148.02
-6157.656
-6143.764
-6145.447
-6141.756
-6145.196
-6169.534
-6141.94
-6154.586
-6155.671
-6136.677
-6139.627
-6147.422
-6154.02
-6155.447
-6139.997
-6152.585
-6140.275
-6149.973
-6150.607
-6148.801
-6137.724
-6142.153
-6149.226
-6142.814
-6141.368
-6144.509
-6145.405
-6150.122
-6141.735
-6138.302
-6144.68
-6140
-6141.303
-6158.909
-6161.596
-6143.29
-6141.847
-6148.134
-6141.883
-6150.178
-6146.015
-6137.65
-6147.926
-6140.135
-6149.367
-6145.462
-6139.135
-6135.437
-6136.697
-6139.734
-6138.264
-6148.142
-6143.281
-6139.751
-6142.284
-6160.089
-6145.936
-6137.122
-6137.637
-6138.203
-6140.607
-6154.474
-6140.555
-6138.056
-6139.795
-6148.794
-6154.965
-6178.97
-6150.185
-6142.46
-6142.431
-6149.084
-6146.664
-6154.918
-6152.272
-6162.477
-6163.741
-6150.627
-6135.996
-6159.018
-6137.698
-6132.957
-6142.392
-6136.648
-6147.428
-6138.786
-6141.753
-6144.506
-6134.375
-6148.919
-6140.155
-6157.448
-6142.431
-6139.64
-6136.92
-6142.576
-6143.811
-6143.91
-6148.208
-6144.382
-6134.81
-6152.436
-6142.354
-6133.292
-6139.529
-6148.975
-6135.574
-6144.25
-6134.183
-6137.947
-6149.192
-6133.861
-6141.161
-6142.797
-6135.713
-6138.186
-6140.661
-6137.838
-6137.841
-6134.098
-6138.515
-6135.268
-6139.309
-6137.914
-6145.553
-6158.483
-6151.457
-6134.505
-6141.413
-6149.571
-6151.788
-6140.531
-6135.105
-6132.925
-6136.208
-6136.449
-6143.491
-6152.666
-6142.702
-6138.953
-6139.235
-6133.107
-6134.393
-6161.285
-6141.833
-6138.307
-6142.296
-6142.146
-6142.171
-6145.847
-6149.43
-6139.286
-6163.999
-6139.165
-6143.118
-6139.532
-6137.047
-6138.43
-6155.69
-6134.38
-6143.068
-6143.654
-6145.82
-6134.18
-6146.909
-6148.244
-6138.544
-6139.841
-6133.625
-6134.935
-6150.561
-6134.536
-6144.664
-6136.082
-6133.958
-6136.136
-6150.343
-6136.75
-6139.021
-6149.481
-6149.432
-6142.059
-6149.309
-6141.843
-6137.754
-6139.801
-6151.381
-6145.175
-6159.459
-6138.131
-6145.798
-6141.314
-6134.834
-6135.239
-6153.109
-6138.855
-6141.585
-6138.319
-6144.398
-6148.365
-6143.59
-6180.871
-6158.196
-6140.07
-6134.853
-6149.842
-6141.892
-6146.439
-6160.533
-6143.59
-6147.254
-6137.349
-6139.715
-6138.418
-6154.988
-6141.804
-6142.63
-6138.833
-6137.582
-6158.898
-6140.434
-6140.526
-6141.761
-6147.592
-6146.89
-6144.429
-6136.408
-6149.226
-6139.396
-6150.411
-6139.641
-6134.608
-6136.152
-6147.23
-6141.088
-6137.186
-6144.587
-6160.242
-6140.196
-6145.739
-6145.221
-6137.559
-6137.736
-6142.17
-6138.896
-6145.647
-6135.523
-6135.666
-6167.168
-6156.455
-6137.933
-6140.29
-6141.376
-6138.749
-6149.965
-6140.18
-6149.396
-6140.862
-6139.783
-6139.012
-6142.399
-6142.137
-6141.791
-6139.197
-6137.092
-6161.762
-6141.53
-6146.125
-6139.245
-6138.145
-6143.46
-6143.26
-6135.622
-6139.669
-6149.588
-6134.048
-6149.195
-6139.451
-6152.192
-6139.252
-6139.215
-6136.219
-6147.245
-6138.711
-6140.379
-6141.105
-6141.746
-6137.739
-6140.247
-6138.317
-6144.023
-6145.471
-6146.202
-6148.95
-6144.769
-6150.795
-6143.039
-6141.475
-6158.463
-6142.538
-6133.286
-6136.621
-6136.761
-6138.369
-6147.974
-6134.144
-6141.451
-6148.322
-6146.377
-6152.869
-6136.813
-6137.853
-6137.831
-6169.338
-6140.844
-6147.303
-6155.181
-6140.224
-6140.152
-6136.233
-6137.458
-6143.119
-6139.538
-6137.064
-6140.713
-6138.967
-6151.781
-6144.705
-6164.433
-6139.469
-6134.679
-6135.418
-6140.8
-6145.268
-6145.732
-6138.432
-6139.336
-6136.041
-6141.826
-6141.965
-6144.426
-6151.547
-6135.13
-6136.95
-6143.382
-6142.041
-6140.158
-6155.046
-6133.734
-6134.018
-6147.382
-6135.695
-6136.812
-6141.707
-6147.844
-6134.755
-6151.874
-6136.743
-6141.891
-6153.277
-6143.536
-6138.978
-6148.19
-6141.87
-6149.899
-6150.881
-6149.448
-6136.049
-6136.57
-6143.398
-6143.717
-6141.011
-6141.097
-6143.684
-6143.97
-6158.52
-6141.617
-6137.784
-6159.172
-6142.173
-6136.119
-6154.113
-6143.166
-6152.2
-6144.564
-6137.468
-6135.324
-6137.913
-6148.785
-6146.579
-6149.161
-6174.269
-6135.404
-6141.003
-6140.515
-6135.281
-6151.619
-6149.006
-6144.613
-6136.079
-6144.591
-6153.803
-6161.352
-6137.764
-6136.998
-6146.901
-6151.988
-6135.28
-6159.294
-6135.42
-6159.952
-6134.846
-6137.188
-6170.606
-6141.785
-6154.54
-6136.134
-6144.513
-6139.465
-6142.058
-6139.912
-6138.987
-6143.973
-6153.889
-6161.349
-6135.02
-6146.927
-6154.718
-6136.876
-6141.499
-6134.642
-6134.736
-6141.161
-6141.427
-6144.321
-6155.638
-6132.274
-6135.827
-6134.552
-6133.874
-6148.937
-6138.206
-6143.441
-6135.124
-6133.983
-6156.41
-6152.762
-6135.628
-6137.947
-6136.705
-6136.849
-6142.646
-6134.344
-6132.511
-6142.915
-6140.048
-6136.053
-6159.399
-6139.822
-6147.741
-6140.411
-6138.627
-6145.649
-6133.153
-6142.338
-6142.155
-6138.757
-6134.971
-6139.736
-6150.549
-6136.754
-6163.52
-6137.612
-6150.345
-6148.999
-6144.28
-6148.245
-6136.444
-6142.224
-6146.262
-6139.154
-6137.966
-6135.16
-6136.295
-6137.683
-6147.404
-6142.544
-6145.599
-6148.325
-6155.583
-6149.457
-6155.674
-6140.661
-6138.508
-6156.568
-6165.813
-6140.31
-6147.755
-6148.341
-6148.491
-6132.265
-6131.872
-6151.008
-6152.061
-6136.65
-6139.234
-6131.764
-6144.579
-6136.255
-6145.013
-6137.951
-6137.808
-6132.471
-6151.241
-6136.964
-6139.309
-6135.256
-6147.917
-6147.827
-6135.815
-6143.46
-6137.285
-6136.669
-6140.799
-6142.67
-6137.235
-6134.643
-6134.112
-6134.333
-6136.974
-6143.182
-6141.219
-6153.07
-6147.631
-6135.903
-6140.074
-6159.805
-6159.274
-6137.674
-6136.681
-6150.264
-6138.626
-6144.632
-6134.91
-6144.371
-6142.36
-6135.452
-6137.414
-6145.767
-6172.669
-6156.584
-6143.819
-6145.789
-6138.766
-6140.757
-6147.344
-6139.838
-6141.195
-6139.319
-6162.566
-6152.413
-6139.95
-6138.23
-6145.199
-6149.304
-6139.26
-6137.803
-6139.614
-6136.622
-6144.341
-6145.505
-6148.892
-6140.866
-6145.609
-6146.497
-6161.024
-6147.463
-6185.121
-6143.683
-6150.745
-6134.567
-6140.229
-6143.856
-6139.275
-6136.956
-6154.959
-6155.825
-6140.383
-6133.21
-6137.388
-6137.798
-6161.977
-6146.836
-6138.019
-6139.052
-6137.539
-6175.773
-6146.626
-6136.769
-6150.639
-6134.588
-6144.42
-6156.229
-6134.946
-6146.129
-6141.051
-6143.514
-6137.404
-6150.557
-6136.09
-6134.602
-6145.502
-6167.739
-6140.753
-6134.312
-6136.453
-6150.283
-6141.174
-6151.163
-6135.644
-6154.221
-6140.699
-6139.074
-6141.281
-6143.27
-6136.9
-6139.442
-6140.067
-6143.36
-6135.832
-6133.714
-6131.582
-6148.021
-6146.865
-6133.493
-6131.63
-6135.132
-6154.803
-6137.947
-6156.07
-6133.453
-6132.268
-6163.084
-6134.899
-6141.697
-6133.002
-6142.32
-6137.768
-6135.898
-6151.031
-6152.088
-6139.07
-6131.699
-6147.459
-6135.048
-6137.326
-6132.205
-6136.106
-6133.86
-6142.485
-6134.631
-6141.79
-6155.34
-6143.84
-6138.001
-6143.474
-6142.799
-6136.778
-6136.81
-6142.383
-6137.101
-6143.746
-6136.587
-6136.268
-6141.176
-6134.496
-6155.496
-6134.297
-6133.444
-6136.709
-6143.669
-6140.589
-6142.85
-6151.326
-6141.327
-6132.92
-6138.283
-6131.864
-6139.42
-6152.345
-6135.331
-6150.945
-6137.037
-6134.502
-6142.861
-6166.379
-6138.889
-6143.783
-6136.766
-6136.156
-6133.965
-6137.962
-6133.036
-6131.453
-6133.741
-6141.435
-6139.382
-6137.404
-6133.819
-6143.204
-6139.718
-6138.766
-6135.279
-6149.345
-6146.612
-6148.272
-6141.389
-6149.578
-6137.418
-6134.543
-6138.812
-6147.122
-6133.194
-6145.301
-6137.911
-6137.544
-6135.492
-6139.813
-6135.04
-6133.896
-6145.868
-6142.264
-6136.311
-6136.915
-6141.349
-6143.963
-6132.727
-6130.9
-6147.295
-6137.56
-6147.338
-6132.611
-6139.729
-6154.46
-6135.628
-6150.568
-6143.62
-6139.476
-6133.509
-6132.29
-6141.966
-6139.966
-6140.431
-6145.691
-6145.883
-6146.396
-6146.51
-6153.624
-6136.659
-6136.801
-6134.292
-6141.49
-6135.903
-6133.106
-6137.341
-6139.78
-6158.38
-6134.638
-6153.561
-6156.833
-6137.707
-6151.447
-6137.963
-6139.228
-6160.241
-6142.586
-6137.808
-6154.586
-6152.005
-6140.39
-6143.596
-6135.589
-6138.101
-6135.363
-6142.46
-6141.884
-6136.235
-6164.204
-6143.305
-6148.649
-6134.135
-6137.748
-6143.045
-6142.656
-6135.016
-6136.787
-6141.887
-6143.488
-6144.465
-6145.733
-6145.589
-6134.713
-6137.089
-6140.518
-6142.739
-6140.628
-6141.935
-6135.049
-6149.492
-6138.105
-6141.508
-6142.167
-6137.634
-6148.975
-6144.311
-6155.327
-6145.912
-6137.542
-6138.994
-6147.581
-6154.344
-6170.294
-6132.516
-6136.402
-6133.871
-6163.993
-6141.84
-6136.389
-6137.479
-6137.727
-6144.141
-6151.468
-6150.072
-6136.863
-6137.612
-6151.853
-6140.458
-6142.309
-6135.667
-6142.789
-6135.819
-6156.203
-6139.183
-6141.494
-6148.436
-6133.971
-6143.194
-6145.833
-6143.499
-6145.313
-6140.705
-6137.109
-6150.77
-6148.101
-6139.476
-6133.058
-6133.832
-6140.825
-6154.879
-6141.509
-6145.008
-6146.81
-6144.03
-6138.717
-6158.497
-6142.439
-6142.861
-6135.396
-6140.244
-6145.351
-6140.757
-6142.818
-6138.259
-6154.966
-6137.416
-6135.81
-6157.953
-6143.781
-6138.717
-6160.32
-6137.255
-6136.063
-6140.369
-6140.529
-6139.696
-6146.219
-6144.385
-6144.769
-6139.399
-6136.473
-6133.681
-6144.293
-6136.427
-6145.952
-6136.672
-6135.693
-6151.041
-6140.133
-6137.141
-6138.745
-6141.622
-6138.663
-6148.57
-6137.023
-6142.35
-6152.41
-6147.66
-6136.186
-6139.139
-6136.234
-6141.531
-6140.105
-6142.152
-6141.32
-6137.353
-6136.607
-6164.097
-6142.062
-6139.887
-6143.532
-6134.382
-6142.079
-6133.965
-6139.337
-6135.747
-6149.168
-6140.802
-6140.502
-6138.522
-6155.443
-6148.165
-6137.373
-6146.833
-6141.482
-6151.036
-6141.892
-6146.124
-6136.815
-6146.347
-6142.844
-6141.763
-6141.987
-6144.291
-6140.243
-6147.612
-6135.1
-6156.956
-6143.299
-6139.311
-6147.788
-6144.264
-6140.313
-6160.896
-6150.916
-6146.216
-6140.589
-6145.191
-6142.77
-6138.242
-6150.979
-6137.868
-6137.841
-6142.727
-6144.801
-6144.205
-6154.549
-6146.963
-6145.737
-6147.467
-6150.617
-6135.575
-6141.332
-6146.567
-6136.444
-6147.64
-6140.334
-6139.312
-6149.444
-6137.791
-6133.853
-6140.702
-6142.802
-6143.814
-6141.889
-6136.062
-6151.349
-6145.428
-6140.985
-6143.941
-6135.63
-6141.324
-6137.505
-6140.927
-6139.352
-6142.289
-6151.733
-6137.213
-6145.963
-6148.026
-6141.708
-6137.749
-6140.776
-6157.984
-6150.551
-6142.694
-6135.664
-6142.722
-6147.685
-6137.09
-6142.639
-6141.092
-6150.253
-6150.409
-6144.137
-6134.59
-6136.997
-6137.184
-6138.635
-6146.862
-6148.586
-6138.886
-6140.608
-6152.334
-6161.419
-6154.735
-6142.988
-6145.902
-6147.303
-6146.678
-6143.699
-6136.145
-6135.68
-6139.975
-6159.504
-6138.571
-6137.078
-6147.444
-6159.79
-6162.742
-6146.697
-6146.334
-6139.962
-6150.214
-6138.843
-6136.363
-6148.709
-6150.053
-6163.845
-6135.048
-6141.961
-6150.349
-6137.622
-6144.868
-6136.394
-6137.538
-6133.635
-6134.459
-6140.174
-6151.093
-6140.22
-6152.504
-6146.861
-6141.423
-6141.163
-6142.911
-6145.772
-6138.798
-6134.559
-6139.042
-6179.836
-6138.114
-6147.273
-6139.516
-6142.693
-6144.061
-6143.631
-6157.607
-6140.361
-6158.925
-6152.818
-6133.89
-6140.635
-6137.08
-6146.559
-6167.232
-6142.885
-6152.315
-6137.303
-6140.161
-6134.517
-6149.919
-6180.853
-6143.42
-6165.922
-6144.725
-6141.186
-6142.031
-6135.305
-6140.677
-6149.258
-6142.763
-6157.909
-6140.355
-6149.238
-6140.834
-6141.74
-6143.322
-6144.289
-6133.389
-6140.474
-6141.962
-6136.129
-6135.83
-6146.766
-6141.072
-6134.421
-6175.116
-6144.359
-6143.168
-6163.943
-6145.716
-6137.336
-6153.1
-6145.811
-6137.305
-6135.573
-6154.299
-6138.818
-6137.205
-6154.168
-6138.277
-6137.073
-6147.931
-6137.435
-6135.974
-6146.903
-6138.287
-6137.435
-6137.984
-6135.798
-6148.683
-6143.073
-6141.289
-6145.837
-6139.844
-6148.445
-6143.068
-6139.674
-6152.913
-6142.523
-6149.431
-6138.362
-6151.884
-6136.962
-6141.895
-6143.486
-6177.539
-6132.762
-6133.684
-6146.015
-6143.871
-6137.327
-6140.46
-6135.233
-6136.991
-6148.49
-6137.936
-6144.931
-6133.168
-6141.236
-6139.652
-6143.606
-6138.647
-6137.585
-6151.326
-6138.222
-6138.009
-6138.619
-6135.044
-6141.897
-6145.158
-6151.912
-6134.873
-6135.962
-6139.386
-6138.245
-6138.646
-6138.619
-6155.961
-6140.064
-6139.351
-6140.204
-6134.323
-6141.862
-6135.859
-6148.628
-6142.457
-6144.877
-6136.499
-6136.303
-6149.711
-6135.762
-6143.186
-6142.223
-6142.589
-6144.116
-6135.282
-6135.277
-6137.821
-6134.033
-6137.692
-6136.239
-6137.91
-6141.211
-6134.854
-6139.562
-6158.606
-6136.089
-6137.64
-6146.314
-6135.27
-6136.455
-6143.352
-6146.731
-6136.09
-6143.639
-6139.115
-6149.966
-6142.064
-6140.271
-6135.647
-6134.102
-6142.136
-6132.788
-6135.514
-6138.588
-6136.879
-6139.518
-6143.207
-6139.857
-6142.014
-6143.126
-6151.776
-6144.91
-6134.818
-6135.963
-6134.995
-6146.66
-6141.087
-6144.872
-6137.401
-6133.546
-6141.889
-6140.021
-6133.565
-6142.198
-6138.44
-6155.335
-6159.376
-6137.133
-6147.06
-6134.457
-6151.709
-6143.072
-6139.605
-6134.841
-6152.987
-6135.634
-6134.573
-6142.874
-6143.079
-6141.252
-6150.455
-6141.322
-6140.81
-6155.394
-6151.673
-6134.425
-6144.632
-6141.016
-6140.791
-6137.848
-6132.54
-6140.59
-6133.665
-6140.741
-6134.611
-6146.447
-6148.966
-6138.849
-6137.732
-6140.512
-6135.827
-6142.58
-6142.558
-6141.993
-6133.661
-6137.614
-6149.303
-6133.008
-6139.517
-6145.064
-6134.566
-6134.751
-6137.237
-6151.907
-6139.9
-6147.584
-6144.126
-6134.29
-6138.655
-6149.538
-6147.523
-6144.354
-6139.626
-6173.082
-6142.63
-6135.868
-6136.833
-6146.629
-6165.984
-6135.899
-6141.748
-6146.568
-6142.052
-6136.006
-6140.063
-6148.309
-6149.632
-6137.382
-6165.759
-6157.722
-6143.916
-6142.372
-6156.91
-6139.292
-6159.323
-6143.752
-6146.073
-6142.387
-6167.765
-6137.683
-6137.917
-6142.137
-6151.349
-6155.299
-6140.378
-6145.933
-6142.119
-6139.045
-6136.581
-6140.31
-6134.656
-6130.842
-6142.985
-6151.369
-6134.487
-6144.373
-6148.363
-6142.317
-6148.955
-6138.784
-6135.382
-6134.316
-6135.205
-6147.841
-6133.926
-6136.944
-6134.116
-6150.135
-6160.128
-6144.408
-6154.051
-6136.492
-6138.981
-6132.839
-6138.33
-6136.752
-6138.375
-6134.255
-6139.936
-6155.849
-6131.862
-6160.642
-6136.276
-6135.541
-6139.127
-6136.069
-6144.884
-6135.669
-6141.059
-6131.033
-6140.807
-6142.565
-6137.333
-6139.334
-6134.603
-6145.781
-6143.329
-6141.872
-6136.813
-6134.616
-6160.593
-6143.048
-6147.791
-6137.416
-6145.71
-6140.217
-6137.841
-6133.495
-6137.957
-6135.244
-6152.895
-6143.481
-6144.92
-6139.762
-6144.569
-6154.741
-6141.884
-6139.774
-6136.114
-6136.617
-6134.052
-6145.362
-6136.487
-6154.188
-6145.243
-6135.82
-6132.897
-6137.64
-6140.392
-6138.979
-6143.32
-6133.711
-6139.396
-6136.912
-6133.446
-6151.926
-6144.515
-6140.148
-6136.027
-6134.46
-6134.663
-6166.079
-6145.017
-6143.954
-6149.388
-6133.895
-6146.84
-6145.801
-6138.965
-6150.35
-6137.118
-6138.375
-6133.777
-6133.98
-6144.574
-6135.616
-6137.837
-6132.67
-6148.552
-6142.454
-6151.844
-6139.332
-6134.55
-6137.406
-6133.413
-6153.469
-6140.31
-6134.108
-6140.619
-6144.548
-6137.816
-6136.502
-6135.776
-6146.151
-6138.597
-6161.483
-6156.554
-6135.238
-6155.484
-6135.861
-6150.873
-6154.123
-6146.509
-6142.635
-6141.263
-6140.618
-6146.624
-6148.402
-6133.013
-6136.384
-6135.475
-6134.367
-6150.678
-6133.598
-6143.029
-6142.051
-6141.446
-6149.606
-6142.409
-6131.278
-6146.129
-6133.003
-6141.494
-6135.833
-6134.821
-6142.94
-6143.218
-6145.28
-6152.773
-6135.93
-6142.064
-6148.257
-6147.251
-6139.501
-6140.635
-6140.591
-6137.296
-6139.663
-6140.365
-6150.556
-6144.833
-6137.034
-6136.686
-6139.886
-6134.209
-6138.535
-6132.82
-6135.209
-6136.59
-6137.516
-6132.645
-6140.505
-6131.345
-6131.473
-6138.457
-6138.61
-6142.317
-6139.761
-6135.838
-6141.1
-6138.233
-6136.797
-6132.887
-6137.569
-6136.018
-6139.196
-6136.582
-6147.781
-6133.121
-6137.525
-6143.449
-6159.802
-6137.158
-6148.952
-6138.203
-6142.972
-6142.091
-6152.523
-6151.5
-6145.647
-6144.716
-6146.797
-6139.321
-6146.612
-6144.609
-6142.343
-6152.663
-6146.485
-6142.372
-6147.184
-6151.052
-6138.568
-6152.094
-6157.642
-6142.137
-6151.87
-6178.048
-6147.462
-6145.913
-6138.464
-6152.563
-6146.043
-6144.051
-6148.779
-6142.777
-6155.171
-6140.715
-6142.535
-6151.79
-6137.885
-6136.821
-6145.721
-6152.635
-6148.695
-6145.011
-6152.167
-6138.519
-6142.747
-6142.673
-6146.679
-6137.536
-6159.481
-6142.406
-6153.206
-6142.452
-6158.653
-6138.084
-6156.412
-6146.512
-6146.32
-6143.251
-6154.188
-6147.835
-6144.745
-6149.754
-6160.963
-6139.548
-6140.004
-6153.723
-6149.563
-6149.984
-6145.916
-6136.146
-6150.757
-6155.28
-6147.124
-6147.862
-6148.248
-6136.744
-6136.57
-6152.81
-6143.583
-6136.644
-6149.49
-6143.811
-6141.766
-6135.306
-6149.803
-6145.234
-6137.557
-6153.732
-6141.465
-6140.867
-6144.565
-6133.808
-6147.604
-6142.364
-6142.044
-6148.499
-6135.91
-6142.457
-6144.522
-6142.193
-6151.964
-6151.108
-6138.995
-6150.652
-6133.084
-6140.969
-6156.784
-6148.637
-6139.788
-6136.853
-6139.294
-6135.246
-6150.559
-6140.271
-6140.532
-6139.992
-6135.544
-6137.152
-6137.516
-6133.539
-6151.768
-6134.819
-6135.324
-6142.503
-6142.781
-6143.109
-6160.293
-6139.002
-6148.613
-6136.915
-6140.913
-6147.411
-6140.224
-6147.098
-6141.053
-6159.644
-6138.787
-6141.094
-6147.596
-6153.157
-6131.684
-6150.399
-6144.828
-6134.61
-6136.42
-6135.968
-6139.577
-6138.746
-6146.312
-6141.466
-6132.916
-6138.747
-6139.191
-6137.19
-6142.009
-6136.408
-6143.504
-6137.572
-6144.979
-6160.965
-6137.716
-6140.037
-6135.276
-6180.983
-6136.177
-6144.434
-6135.108
-6140.772
-6150.446
-6134.666
-6142.556
-6137.451
-6162.804
-6143.366
-6136.517
-6136.175
-6141.077
-6137.341
-6137.381
-6138.864
-6138.773
-6143.725
-6137.534
-6151.084
-6131.996
-6138.061
-6140.936
-6153.246
-6144.823
-6137.41
-6138.983
-6141.518
-6140.959
-6140.685
-6144.807
-6140.473
-6136.111
-6134.76
-6140.152
-6142.553
-6136.137
-6138.175
-6156.832
-6134.261
-6141.017
-6138.417
-6160.764
-6161.574
-6154.933
-6142.291
-6151.126
-6138.096
-6139.113
-6134.922
-6141.413
-6135.484
-6144.936
-6140.226
-6136.496
-6137.23
-6138.661
-6150.833
-6144.765
-6136.964
-6142.262
-6136.409
-6137.802
-6138.591
-6152.531
-6134.256
-6133.612
-6137.641
-6139.882
-6183.033
-6142.253
-6140.164
-6135.37
-6136.441
-6136.073
-6156.761
-6142.29
-6142.669
-6139.961
-6141.624
-6133.61
-6136.248
-6135.464
-6136.917
-6139.306
-6139.518
-6136.877
-6152.222
-6140.495
-6144.208
-6137.838
-6136.148
-6145.154
-6137.221
-6155.431
-6148.475
-6138.903
-6135.985
-6134.355
-6149.504
-6146.079
-6141.572
-6136.901
-6138.364
-6139.067
-6148.484
-6140.473
-6138.027
-6132.98
-6139.724
-6140.704
-6136.238
-6142.706
-6147.814
-6131.129
-6153.531
-6133.638
-6137.708
-6142.829
-6155.729
-6139.873
-6135.493
-6132.399
-6136.902
-6138.046
-6133.729
-6142.034
-6138.241
-6152.978
-6142.012
-6147.598
-6131.966
-6140.33
-6175.152
-6132.62
-6132.82
-6137.636
-6145.668
-6147.989
-6136.181
-6137.465
-6136.305
-6133.89
-6133.779
-6144.306
-6154.485
-6141.836
-6136.263
-6136.417
-6143.233
-6142.266
-6138.737
-6136.765
-6148.418
-6136.76
-6143.959
-6140.166
-6152.281
-6156.918
-6134.092
-6140.071
-6143.819
-6135.892
-6159.833
-6141.952
-6135.905
-6144.5
-6151.641
-6141.039
-6149.375
-6173.57
-6137.286
-6133.666
-6135.921
-6154.306
-6149.214
-6132.113
-6141.681
-6134.378
-6141.453
-6135.315
-6140.468
-6138.033
-6142.099
-6135.603
-6137.242
-6136.09
-6184.999
-6147.563
-6136.722
-6142.648
-6149.098
-6141.473
-6154.859
-6139.195
-6133.028
-6140.61
-6142.97
-6140.912
-6134.121
-6136.337
-6134.519
-6139.151
-6137.497
-6137.61
-6146.317
-6132.78
-6143.23
-6136.207
-6145.462
-6148.352
-6155.486
-6158.853
-6134.016
-6149.918
-6134.513
-6137.882
-6138.759
-6135.77
-6141.52
-6138.123
-6153.119
-6137.138
-6135.465
-6133.394
-6160.524
-6154.868
-6149.424
-6150.858
-6134.989
-6132.318
-6135.566
-6133.102
-6137
-6139.644
-6134.947
-6143.675
-6140.007
-6142.059
-6133.326
-6159.309
-6140.539
-6139.011
-6151.833
-6134.994
-6134.47
-6159.049
-6137.763
-6137.225
-6148.002
-6135.48
-6139.445
-6135.794
-6140.465
-6144.652
-6163.852
-6151.92
-6142.089
-6142.392
-6139.816
-6148.666
-6140.459
-6148.385
-6138.53
-6133.665
-6145.45
-6142.437
-6171.347
-6134.278
-6142.819
-6139.359
-6152.892
-6151.976
-6164.481
-6145.076
-6144.67
-6145.753
-6142.134
-6136.877
-6135.142
-6137.707
-6141.237
-6142.505
-6137.269
-6140.725
-6145.781
-6138.382
-6138.939
-6138.719
-6133.965
-6137.263
-6136.815
-6143.961
-6142.725
-6143.346
-6134.931
-6135.165
-6147.216
-6153.899
-6146.108
-6190.001
-6152.148
-6141.242
-6142.743
-6164.342
-6158.52
-6147.954
-6138.579
-6165.13
-6152.127
-6141.387
-6147.801
-6154.526
-6140.292
-6155.57
-6145.521
-6151.656
-6147.605
-6168.705
-6139.505
-6153.639
-6148.188
-6154.576
-6145.972
-6149.51
-6147.449
-6182.072
-6149.949
-6148.103
-6148.705
-6147.574
-6144.167
-6163.625
-6154.082
-6163.259
-6143.102
-6146.5
-6141.516
-6158.6
-6154.857
-6156.281
-6142.444
-6159.889
-6141.611
-6157.415
-6156.484
-6149.937
-6144.425
-6147.418
-6168.945
-6146.704
-6148.517
-6160.869
-6147.086
-6140.391
-6141.105
-6140.32
-6142.456
-6147.988
-6156.19
-6144.58
-6141.859
-6143.969
-6149.07
-6158.551
-6141.567
-6144.165
-6178.619
-6153.837
-6154.76
-6141.05
-6149.328
-6160.128
-6143.899
-6145.164
-6143.003
-6160.007
-6147.619
-6134.261
-6144.733
-6137.245
-6133.796
-6141.035
-6165.79
-6134.885
-6167.305
-6138.853
-6148.423
-6138.359
-6142.989
-6139.832
-6156.452
-6169.782
-6153.182
-6139.288
-6170.244
-6147.322
-6142.443
-6136.804
-6143.963
-6143.076
-6142.588
-6152.569
-6141.886
-6141.43
-6140.919
-6140.745
-6144.327
-6138.409
-6161.504
-6135.722
-6153.532
-6152.217
-6157.884
-6149.341
-6134.287
-6141.804
-6138.798
-6141.654
-6137.436
-6143.884
-6150.337
-6145.013
-6146.445
-6136.278
-6143.032
-6142.879
-6134.321
-6141.867
-6137.476
-6138.953
-6144.424
-6153.347
-6138.02
-6131.058
-6141.946
-6137.743
-6151.028
-6135.565
-6144.393
-6138.688
-6140.06
-6146.15
-6145.229
-6146.637
-6146.214
-6130.78
-6150.795
-6144.915
-6142.51
-6142.929
-6138.118
-6142.268
-6138.392
-6132.982
-6134.278
-6136.013
-6136.435
-6139.455
-6139.064
-6145.93
-6143.676
-6133.247
-6132.592
-6151.133
-6139.062
-6139.838
-6141.548
-6136.277
-6134.705
-6132.669
-6136.208
-6142.299
-6138.833
-6132.1
-6135.452
-6145.592
-6143.483
-6134.566
-6135.173
-6138.01
-6142.778
-6131.985
-6135.505
-6136.072
-6136.633
-6137.939
-6135.998
-6145.744
-6142.71
-6137.346
-6137.591
-6142.04
-6132.43
-6137.077
-6133.157
-6141.968
-6137.064
-6138.156
-6138.94
-6138.113
-6136.362
-6138.859
-6136.617
-6134.201
-6138.305
-6134.356
-6146.817
-6140.254
-6135.823
-6143.56
-6141.464
-6135.118
-6138.261
-6136.443
-6136.482
-6140.133
-6140.51
-6144.828
-6141.623
-6141.545
-6145.346
-6139.079
-6140.145
-6142.068
-6139.786
-6132.598
-6143.148
-6133.046
-6144.809
-6148.569
-6146.511
-6155.27
-6140.52
-6153.38
-6136.231
-6134.353
-6140.65
-6147.298
-6140.351
-6131.547
-6144.383
-6136.158
-6138.534
-6151.387
-6141.723
-6136.362
-6145.265
-6151.312
-6132.378
-6138.392
-6134.868
-6145.662
-6150.846
-6155.096
-6135.652
-6148.559
-6148.728
-6135.853
-6140.28
-6156.058
-6156.701
-6140.576
-6141.275
-6136.758
-6139.859
-6135.551
-6141.676
-6138.68
-6134.801
-6139.229
-6139.514
-6143.474
-6148.374
-6140.718
-6143.752
-6131.521
-6139.111
-6140.183
-6135.419
-6142.187
-6133.182
-6137.181
-6141.714
-6143.314
-6136.506
-6137.964
-6140.638
-6140.1
-6139.06
-6136.178
-6159.982
-6133.618
-6137.032
-6143.595
-6135.253
-6136.343
-6139.107
-6138.757
-6137.209
-6132.272
-6131.421
-6137.084
-6137.656
-6135.526
-6138.535
-6145.282
-6136.507
-6161.142
-6140.916
-6135.012
-6141.161
-6145.644
-6145.373
-6137.985
-6135.682
-6140.919
-6146.202
-6137.376
-6138.107
-6141.388
-6139.822
-6138.306
-6138.049
-6174.782
-6143.14
-6136.247
-6138.575
-6140.751
-6139.25
-6139.538
-6137.012
-6135.702
-6135.498
-6142.075
-6141.261
-6135.382
-6141.371
-6132.455
-6144.762
-6140.385
-6144.488
-6134.531
-6138.712
-6142.774
-6157.362
-6137.004
-6150.083
-6143.514
-6136.839
-6138.045
-6160.266
-6143.417
-6146.258
-6131.802
-6153.951
-6142.15
-6132.924
-6154.389
-6135.459
-6155.158
-6147.028
-6150.723
-6146.872
-6134.969
-6139.589
-6158.227
-6134.607
-6139.162
-6142.113
-6154.354
-6144.881
-6139.075
-6139.148
-6141.434
-6142.61
-6152.879
-6143.093
-6133.586
-6136.947
-6135.355
-6139.497
-6137.239
-6150.078
-6138.516
-6145.371
-6132.472
-6134.569
-6145.453
-6141.519
-6136.556
-6145.562
-6142.018
-6138.397
-6156.227
-6142.709
-6149.046
-6140.316
-6152.033
-6140.417
-6136.231
-6140.529
-6139.848
-6134.102
-6154.799
-6139.529
-6138.763
-6143.89
-6132.083
-6135.427
-6138.683
-6138.964
-6142.603
-6133.063
-6137.709
-6131.862
-6143.762
-6140.513
-6142.813
-6147.562
-6134.96
-6149.191
-6132.765
-6143.34
-6135.336
-6134.639
-6146.087
-6138.046
-6141.332
-6158.369
-6143.869
-6136.423
-6139.847
-6140.438
-6132.701
-6132.025
-6134.635
-6137.942
-6135.572
-6134.766
-6138.425
-6143.221
-6137.48
-6141.553
-6140.688
-6146.659
-6145.105
-6133.845
-6148.818
-6143.924
-6138.16
-6147.293
-6140.158
-6142.479
-6151.418
-6147.483
-6145.54
-6138.335
-6134.518
-6136.563
-6134.411
-6147.771
-6138.57
-6136.884
-6132.712
-6150.004
-6136.732
-6135.696
-6139.275
-6146.417
-6133.135
-6141.549
-6149.485
-6132.871
-6133.241
-6143.257
-6147.664
-6164.771
-6138.667
-6152.531
-6144.302
-6137.02
-6166.575
-6137.559
-6141.426
-6141.786
-6139.333
-6138.222
-6139.463
-6135.486
-6144.554
-6134.434
-6138.514
-6143.328
-6136.894
-6138.247
-6143.286
-6141.528
-6146.884
-6154.015
-6150.192
-6134.4
-6146.667
-6148.687
-6136.188
-6144.461
-6145.058
-6139.05
-6142.865
-6139.3
-6138.871
-6139.485
-6142.53
-6136.197
-6154.784
-6146.816
-6146.268
-6143.139
-6142.462
-6145.724
-6133.779
-6146.952
-6139.158
-6144.866
-6134.994
-6155.732
-6139.184
-6139.479
-6140.12
-6144.794
-6139.384
-6136.542
-6138.2
-6149.217
-6149.368
-6145.323
-6134.075
-6137.924
-6146.331
-6143.72
-6138.393
-6137.444
-6155.084
-6149.472
-6133.287
-6131.536
-6138.432
-6136.252
-6135.794
-6133.676
0
0
0
0
0
0
0
0
0
0
0
0
-6207.246
-6200.892
-6179.705
-6238.822
-6159.56
0
0
0
0
0
0
0
0
0
0
0
0
0
0
0
0
0
0
0
0
0
0
0
0
0
0
0
0
0
0
0
0
0
0
0
0
0
0
0
0
0
0
0
0
0
0
0
0
0
0
0
0
0
0
0
0
0
0
0
0
0
0
0
0
0
0
0
0
0
0
0
0
0
0
0
0
0
0
0
0
0
0
0
0
0
0
0
0
0
0
0
0
0
0
0
0
0
0
0
0
0
0
0
0
0
0
0
0
0
0
0
0
0
0
0
0
0
0
0
0
0
0
0
0
0
0
0
0
0
0
0
0
0
0
0
0
0
0
0
0
0
0
0
0
0
0
0
0
0
0
0
0
0
0
0
0
0
0
0
0
0
0
0
0
0
0
0
0
0
0
0
0
0
0
0
0
0
0
0
0
0
0
0
0
0
0
0
0
0
0
0
0
0
0
0
0
0
0
0
0
0
0
0
0
0
0
0
0
0
0
0
0
0
0
0
0
0
0
0
0
0
0
0
0
0
0
0
0
0
0
0
0
0
0
0
0
0
0
0
0
0
0
0
0
0
0
0
0
0
0
0
0
0
0
0
0
0
0
0
0
0
0
0
0
0
0
0
0
0
0
0
0
0
0
0
0
0
0
0
0
0
0
0
0
0
0
0
0
0
0
0
0
0
0
0
0
0
0
0
0
0
0
0
0
0
0
0
0
0
0
0
0
0
0
0
0
0
0
0
0
0
0
0
0
0
0
0
0
0
0
0
0
0
0
0
0
0
0
0
0
0
0
0
0
0
0
0
0
0
0
0
0
0
0
0
0
0
-13695.89
-13575.2
-13427.34
0
-12831.4
0
0
0
0
0
0
0
0
0
0
-14310.26
0
0
0
-14392.06
0
0
0
-15843.33
-15809.47
0
-15629.62
-15406.29
0
0
0
-16395.96
0
0
0
0
0
0
0
0
0
0
0
0
0
0
0
-14948.83
0
0
-15441.64
-15364.19
0
0
-15238.99
0
0
0
0
0
0
0
0
0
0
0
0
0
0
0
0
0
0
0
0
0
0
0
0
0
0
0
0
0
0
0
0
0
0
0
0
0
0
0
0
0
0
0
0
0
0
0
-15028.96
-15217.44
0
0
-15148.4
0
0
0
0
0
-15439.38
0
-14906.58
0
0
0
0
0
0
0
0
-14879.41
0
0
-14349.82
0
0
0
0
-14483.75
0
-14035.94
0
0
0
0
0
0
0
-13649.65
0
0
0
0
0
0
0
0
-12749.53
0
0
0
0
0
0
-11596.05
0
0
0
0
0
-12696.47
0
0
-12952.22
0
0
-13320.22
-13163.18
0
0
0
0
0
0
0
0
0
0
0
0
-14326.78
0
-14154.73
0
0
0
0
0
0
0
0
0
0
0
0
0
0
0
0
0
0
0
0
0
0
0
0
0
0
0
0
0
0
0
0
0
0
0
0
0
0
0
0
0
0
0
0
0
0
0
0
0
0
0
0
0
0
0
0
0
0
0
0
0
0
0
0
0
0
0
0
0
0
0
0
0
0
0
0
0
0
0
0
0
0
0
0
0
0
0
0
0
0
0
0
0
0
0
0
0
0
0
0
0
0
0
0
0
0
0
0
0
0
0
0
0
0
0
0
0
0
0
0
0
0
0
0
0
0
0
0
0
0
0
0
0
0
0
0
0
0
0
0
0
0
0
0
0
0
0
0
0
0
0
0
0
0
0
0
0
0
0
0
0
0
0
0
0
0
0
0
0
0
0
0
0
0
0
0
0
0
0
0
0
0
0
0
0
0
0
0
0
0
0
0
0
0
0
0
0
0
0
0
0
0
0
0
0
0
0
0
0
0
0
0
0
0
0
0
0
0
0
0
0
0
0
0
0
0
0
0
