-20094.37
-22503.15
-18871.13
-19399.3
-20583.62
-19625.43
-19539.96
-21324.73
-18750.37
-17363.95
-17449.04
-16618.99
-16035.09
-16111.49
-14626.47
-12803.83
-11971.33
-11748.54
-11986.34
-12416.38
-13147.55
-12760.96
-11729.13
-10834.16
-11465.89
-10782.85
-9785.151
-9801.005
-9245.56
-9599.225
-9544.745
-9255.288
-9246.265
-9055.603
-8750.457
-8683.918
-8518.995
-8404.518
-8086.537
-8008.707
-7917.329
-8047.534
-8055.57
-7480.714
-7843.273
-7572.882
-7459.707
-7460.054
-7438.805
-7684.778
-7449.143
-7410.505
-7463.593
-7446.175
-7381.607
-7494.083
-7239.472
-7273.042
-7143.398
-7150.146
-7044.703
-7175.139
-7032.467
-7006.257
-7164.25
-7026.55
-7268.066
-7206.826
-7084.135
-7082.842
-7100.791
-7050.224
-7045.532
-7021.609
-7074.609
-7124.062
-7016.797
-7008.833
-7250.584
-6927.805
-7052.168
-6832.866
-6803.144
-6820.477
-6896.563
-6890.09
-6892.005
-6754.26
-6749.037
-6824.223
-6772.466
-6809.455
-6744.116
-6726.631
-6714.802
-6683.867
-6668.278
-6807.738
-6718.234
-6740.424
-6713.693
-6713.734
-6738.742
-6881.791
-6749.907
-6649.631
-6801.419
-6653.127
-6945.616
-6675.537
-6634.576
-7056.831
-6668.178
-6680.783
-7198.189
-6822.415
-7235.575
-6737.191
-6733.15
-6692.339
-6628.962
-6732.244
-6713.758
-6755.151
-6669.456
-6697.35
-6640.039
-6641.676
-6653.176
-6654.516
-6606.441
-6642.808
-6707.543
-6623.471
-6625.645
-6637.2
-6681.763
-6597.947
-6586.522
-6605.405
-6579.231
-6645.807
-6628.816
-6667.907
-6608.527
-6895.399
-6585.062
-6586.862
-6634.049
-6628.926
-6588.979
-6580.408
-6612.369
-6588.472
-6611.17
-6628.24
-6629.849
-6881.441
-6587.801
-6600.195
-6624.795
-6626.673
-6754.494
-6542.734
-6693.107
-6630.066
-6557.908
-6521.392
-6638.757
-6504.923
-6536.201
-6515.833
-6541.603
-6530.93
-6529.541
-6756.723
-6512.53
-6717.619
-6822.91
-6818.861
-6556.185
-7412.767
-6612.943
-6610.108
-6607.048
-6571.932
-6874.633
-6848.607
-6511.229
-6714.706
-6597.128
-6661.845
-6551.044
-6684.605
-6528.054
-6533.998
-6600.636
-6511.803
-6639.589
-6566.251
-6703.981
-6666.933
-7051.558
-6505.276
-6478.018
-6494.343
-6546.965
-6562.868
-6666.447
-6528.598
-6498.802
-6500.831
-6461.101
-6677.826
-8050.309
-6454.24
-6566.975
-6509.708
-6555.024
-6422.761
-6537.74
-6469.05
-6417.292
-6518.643
-6479.96
-6417.616
-6444.973
-6512.22
-6422.091
-6446.104
-6450.472
-6513.44
-6567.935
-6425.533
-6447.343
-6424.52
-6469.846
-6438.975
-6462.619
-6412.497
-6519.014
-6418.788
-6427.285
-6420.137
-6644.209
-6447.28
-6431.802
-6486.754
-6518.539
-6512.26
-6410.7
-6560.314
-6465.159
-6545.702
-6433.153
-6451.285
-6804.998
-6557.224
-6900.887
-6481.759
-6627.372
-6486.097
-6486.816
-6543.106
-6503.099
-6509.892
-6541.824
-6455.194
-7195.913
-6406.543
-6416.449
-7399.807
-6684.883
-6410.442
-6440.611
-6470.691
-6466.416
-6484.533
-6469.032
-6592.898
-6379.051
-6395.826
-6436
-6564.741
-6579.87
-6411.78
-6439.678
-8809.075
-6475.877
-6378.128
-6538.663
-6590.366
-6771.405
-6480.113
-6380.534
-6519.303
-6448.26
-6556.962
-8536.621
-6421.432
-7006.528
-6419.443
-6570.16
-6645.939
-6370.926
-6654.413
-6515.117
-6750.81
-6418.644
-6392.871
-6470.612
-6421.327
-7576.478
-8131.09
-6501.549
-6432.111
-6446.698
-6637.149
-6446.886
-6582.345
-6369.829
-6607.807
-6683.242
-6399.884
-6405.675
-6602.075
-6491.968
-6440.358
-6754.085
-7899.751
-6535.276
-6484.639
-6485.289
-6497.51
-6666.295
-6577.604
-6396.065
-6359.63
-6429.203
-6374.036
-6467.41
-6319.561
-6344.831
-6420.27
-6371.348
-6392.627
-6313.671
-6850.508
-6348.248
-6348.33
-6803.711
-6342.895
-6313.272
-6327.223
-6386
-6462.461
-6313.579
-6324.988
-6321.635
-6304.958
-6305.119
-6473.133
-6633.542
-6361.198
-6344.028
-6327.671
-14570.86
-6450.221
-6359.1
-6372.206
-6301.806
-6289.764
-7619.922
-6290.284
-6263.996
-6329.288
-6282.883
-6414.595
-6338.756
-6294.711
-6448.075
-6316.509
-6403.566
-6425.149
-6272.593
-6337.561
-6282.953
-6399.733
-6312.54
-6300.825
-6318.855
-6308.664
-7464.276
-6283.363
-7957.525
-6402.265
-6415.014
-6422.937
-6371.228
-6398.158
-6374.437
-6377.095
-6770.529
-6316.523
-6363.263
-6328.832
-6373.101
-6255.753
-6452.757
-6326.444
-6371.433
-6427.145
-6882.664
-6509.262
-6975.375
-6399.27
-6311.055
-6325.469
-6511.863
-6419.048
-7066.639
-6300.032
-6392.999
-6271.009
-6454.965
-6330.069
-7211.792
-6395.632
-6437.542
-6837.911
-7139.51
-6485.81
-6432.75
-6427.624
-6341.18
-6685.053
-6408.543
-6291.798
-6493.826
-6345.078
-6257.525
-6345.926
-7505.698
-6426.075
-6251.698
-6229.742
-6617.362
-6322.126
-6336.855
-6260.785
-6242.967
-6295.58
-6310.725
-6247.513
-6274.727
-6359.306
-6275.109
-6282.108
-6234.31
-6388.631
-7768.683
-6415.696
-6304.542
-6315.07
-6390.304
-6251.541
-6281.616
-6306.969
-6249.337
-6338.005
-6417.485
-6382.146
-6438.683
-6421.797
-6225.82
-6301.169
-6256.115
-6405.257
-6395.848
-6529.097
-6337.26
-6363.088
-6281.729
-6408.46
-7743.465
-6285.572
-6310.416
-7609.889
-6282.013
-6255.58
-7142.507
-6316.458
-6392.309
-6237.802
-6341.851
-6491.95
-6358.192
-6407.292
-7233.134
-6384.523
-6231.473
-6225.876
-6429.033
-6387.636
-6219.936
-6220.058
-6220.496
-6515.702
-6380.405
-6269.393
-6266.797
-6240.404
-6220.718
-6325.103
-6346.564
-6257.179
-6218.857
-6520.09
-6306.054
-6356.728
-6321.064
-6331.037
-6921.108
-6220.908
-6326.64
-6270.31
-6809.107
-6226.002
-6237.918
-7297.506
-6247.971
-6343.537
-6513.378
-6337.021
-6232.306
-6213.288
-6415.339
-6257.852
-6332.19
-7922.601
-6273.138
-6574.824
-6372.319
-6247.099
-6214.138
-6192.142
-6291.48
-6283.833
-6343.398
-6258.227
-6276.931
-6207.637
-6218.67
-6784.582
-7185.064
-6314.162
-6185.987
-6341.603
-6372.865
-6303.409
-6937.293
-6180.997
-6232.799
-6192.59
-6329.485
-6544.571
-6667.796
-6219.091
-6337.215
-6331.137
-6263.929
-6311.874
-6279.735
-6285.446
-6238.192
-6211.522
-6334.373
-6214.917
-6321.842
-6311.699
-6208.96
-6181.281
-6193.314
-6337.522
-6291.074
-6210.357
-6244.871
-6214.198
-6276.453
-6197.78
-6324.323
-6299.204
-6276.703
-6197.112
-6168.162
-6495.136
-6225.596
-6238.205
-6186.138
-6174.016
-6338.45
-6200.712
-6167.957
-7038.09
-6264.767
-7158.808
-6194.92
-7085.712
-6742.476
-6336.471
-6187.544
-6297.877
-6189.018
-6236.428
-6314.977
-6357.615
-6183.7
-6321.071
-6239.123
-7372.993
-6367.789
-6231.552
-7152.78
-6248.412
-6259.177
-6226.279
-6312.741
-6239.313
-6216.832
-6398.213
-6275.185
-6552.791
-6189.052
-6261.038
-6399.156
-6303.821
-6187.66
-6225.219
-6272.5
-6224.731
-6294.591
-6200.068
-6287.181
-6377.784
-6908.617
-6785.513
-6380.51
-6199.073
-6270.673
-6200.153
-7365.693
-6402.066
-6228.799
-6177.65
-6310.246
-6295.45
-6160.392
-6343.444
-8141.215
-6190.233
-6219.433
-6167.795
-6336.841
-6258.053
-6497.024
-6275.476
-6663.35
-6590.9
-6341.648
-6153.448
-6168.276
-6176.994
-6324.134
-6163.166
-6151.354
-6197.626
-6389.152
-6161.237
-7298.106
-6533.816
-6282.797
-6185.93
-6173.531
-6288.883
-6222.735
-7669.075
-6162.68
-6266.36
-6183.498
-8470.956
-6183.73
-6252.021
-6284.872
-6914.001
-6303.152
-6161.509
-6155.624
-6158.798
-6202.184
-6281.334
-6160.636
-6210.551
-6622.638
-6195.123
-6150.621
-6200.714
-6180.509
-6228.81
-6194.098
-6833.576
-6248.842
-9174.406
-6323.158
-6315.274
-6198.228
-6304.831
-6286.477
-6279.561
-6195.321
-6340.081
-6221.956
-6154.845
-6202.78
-6214.82
-6234.66
-6220.897
-6384.92
-6162.699
-6299.416
-6157.416
-6572.298
-6239.692
-6181.775
-6384.906
-6259.535
-6210.046
-6183.663
-7355.573
-7324.815
-6218.368
-6438.69
-6578.944
-6167.914
-6456.14
-6162.333
-6164.884
-6203.334
-6239.982
-6186.511
-6608.7
-6164.11
-7542.685
-6155.477
-6168.73
-6143.435
-6158.829
-6172.309
-6159.645
-6165.037
-6259.533
-6250.107
-6195.849
-6180.318
-6966.529
-6154.806
-6318.129
-6722.698
-6157.569
-6213.554
-6158.046
-6176.603
-6226.048
-6244.261
-6179.233
-6249.722
-6216.467
-8447.71
-6157.099
-6163.977
-6170.106
-6470.484
-6143.407
-6460.258
-6741.481
-6419.844
-6519.501
-6285.822
-6313.251
-6163.734
-6295.274
-6325.658
-6270.943
-6214.1
-6186.263
-6145.285
-6148.427
-6288.137
-6298.459
-6193.215
-6153.916
-6562.367
-6463.725
-6191.518
-6164.677
-6212.765
-6252.859
-6690.79
-6639.616
-6207.137
-6280.181
-6170.97
-6323.289
-6163.103
-6196.148
-6231.341
-6250.211
-6215.533
-6149.72
-9164.073
-6296.76
-6201.495
-6221.828
-6216.274
-6202.912
-6152.462
-6173.158
-6148.083
-6134.594
-7069.116
-6211.714
-6308.096
-6341.887
-6551.755
-6254.275
-6169.314
-6307.645
-6169.469
-6344.623
-6323.368
-6150.035
-6251.739
-6135.976
-6193.489
-6163.682
-6168.405
-8942.957
-6532.109
-6310.638
-6153.635
-6727.287
-6356.13
-6137.418
-6250.565
-6275.979
-6145.808
-6205.061
-6343.796
-6860.927
-6162.79
-6261.51
-9840.772
-6268.928
-6182.393
-8143.205
-6334.816
-8074.719
-6677.167
-7326.855
-6881.675
-6185.523
-6134.418
-6134.209
-6288.312
-7404.624
-6170.698
-7483.524
-6138.283
-6780.193
-6152.332
-6276.563
-6376.931
-7457.866
-7181.564
-6674.844
-6217.022
-7154.786
-6216.779
-6154.914
-6172.064
-7498.701
-6140.225
-7710.429
-6162.759
-6153.745
-16363.45
-7579.126
-6308.809
-7576.4
-6248.373
-6513.994
-6222.853
-6245.903
-6283.229
-6238.583
-8227.819
-6187.839
-6162.695
-6290.832
-6253.786
-7171.029
-6141.916
-7954.249
-6275.175
-6143.834
-6327.137
-7012.897
-6313.963
-6150.673
-6205.905
-6153.921
-6238.98
-6148.83
-6240.735
-6779.622
-6170.667
-6189.31
-6465.471
-7508.747
-6322.393
-6198.592
-6186.717
-6314.429
-6327.149
-11853.74
-6171.74
-6969.452
-6200.86
-7112.536
-6386.102
-6281.108
-6203.183
-6588.775
-6345.373
-6228.182
-6908.567
-6289.909
-6300.543
-6687.98
-6945.411
-6193.613
-6458.497
-6225.459
-7201.8
-7151.202
-6276.434
-6250.395
-6121.383
-6124.889
-6614.942
-6243.195
-6245.997
-6543.47
-8037.468
-7291.17
-6205.682
-6156.186
-6144.693
-6122.973
-7575.744
-6953.5
-6124.057
-6139.857
-6230.222
-7316.479
-6192.67
-6285.427
-6164.36
-6135.104
-6220.56
-6188.719
-6125.61
-7085.818
-6267.858
-6202.914
-6170.026
-6199.041
-7067.347
-6194.962
-6134.145
-6391.024
-6157.976
-6160.246
-6267.582
-6135.196
-6198.449
-6183.124
-6155.796
-7056.787
-6224.707
-6892.796
-6272.618
-7469.321
-6198.525
-6232.727
-6150.278
-6129.909
-6751.657
-6651.363
-6156.029
-6149.421
-6145.357
-6778.198
-6146.393
-6412.857
-6117.983
-6200.537
-6331.932
-6259.097
-6232.885
-6209.096
-6116.813
-6193.054
-6354.549
-6278.381
-6191.12
-6269.598
-6109.3
-6221.024
-6274.547
-6131.624
-6259.99
-6163.606
-6132.315
-6243.822
-6565.284
-6252.607
-6136.924
-6631.048
-6207.806
-6140.419
-6151.815
-6160.377
-6124.913
-6282.045
-6215.817
-6145.282
-6158.564
-6830.218
-6235.157
-6241.502
-6245.427
-6227.15
-6183.894
-6217.384
-6118.43
-6126.21
-6268.97
-6133.141
-6135.235
-6129.741
-6401.538
-6233.806
-6308.855
-6122.29
-6120.871
-6115.794
-6135.291
-6261.616
-6230.496
-6197.831
-6225.934
-6172.888
-6149.769
-6179.872
-6123.709
-7345.49
-8073.479
-6187.995
-6553.03
-6190.22
-6289.74
-6136.37
-6133.227
-6141.112
-6223.156
-6169.207
-6141.266
-6158.511
-6231.866
-6153.831
-6134.828
-6284.092
-6229.833
-6249.442
-6226.019
-6229.362
-6464.559
-6339.769
-6107.215
-6158.799
-6174.482
-6228.464
-6149.013
-6433.179
-6162.907
-6135.203
-7451.179
-6262.524
-7078.16
-6105.637
-6455.44
-6149.255
-6222.474
-6170.725
-6158.601
-6183.18
-6238.12
-6721.7
-6269.908
-6165.739
-6150.25
-6135.219
-6241.131
-6277.963
-6311.942
-6162.955
-6121.514
-6169.949
-6119.277
-6103.84
-6203.809
-6251.633
-6129.447
-6226.574
-6169.059
-6788.83
-6108.904
-6351.047
-6301.12
-6225.875
-6151.468
-6193.553
-6454.29
-6216.763
-6136.043
-6198.983
-6103.989
-6113.911
-6260.929
-6133.765
-6289.857
-6229.521
-6229.758
-6263.211
-6247.631
-6138.29
-6161.247
-6247.666
-6191.89
-6187.859
-6196.655
-6100.181
-6104.288
-6642.174
-6159.508
-6106.084
-6107.518
-6110.416
-6229.622
-6122.426
-7908.599
-6179.878
-6242.883
-6155.11
-6187.658
-6215.506
-6659.716
-6157.394
-6229.191
-6132.501
-6167.865
-6188.921
-6144.953
-6165.409
-6204.642
-7191.612
-6139.346
-6232.764
-10907.21
-6301.355
-6216.241
-6299.24
-6305.782
-6127.662
-6367.554
-6106.751
-6171.494
-6231.025
-6264.097
-6915.269
-6214.134
-6148.824
-6242.17
-6118.139
-6846.464
-6110.243
-6142.304
-6111.232
-6172.708
-6125.47
-6119.133
-6254.735
-6247.325
-6127.45
-6344.339
-6132.64
-6148.76
-7083.493
-6103.051
-6408.171
-6233.371
-6136.22
-6148.64
-6271.597
-6122.933
-6199.219
-6119.746
-6155.025
-6206.904
-7619.332
-6103.578
-6372.156
-6113.655
-6140.227
-6217.884
-6130.751
-6148.193
-6099.921
-6105.689
-6728.705
-6202.534
-6162.001
-6288.38
-6282.454
-6206.339
-6180.259
-6117.268
-6176.877
-6199.654
-6114.316
-6451.405
-6112.578
-7260.135
-6109.672
-6106.032
-6167.89
-6566.656
-6121.42
-6423.566
-6171.821
-6113.024
-6167.583
-6118.933
-6111.661
-6193.001
-7027.26
-6779.257
-6214.276
-6651.01
-6166.064
-6757.053
-6153.886
-6175.511
-6101.954
-6219.881
-6123.79
-6122.632
-7100.913
-6122.6
-6233.852
-6835.001
-6161.948
-6185.231
-6153.232
-6200.595
-6258.329
-6187.308
-6128.183
-6365.936
-6859.47
-6431.716
-6123.896
-6169.883
-6108.166
-6169.491
-6258.185
-7193.372
-6919.846
-6121.593
-6113.585
-6098.172
-6176.522
-6107.95
-6266.005
-6187.861
-6163.58
-6141.274
-6156.529
-6133.429
-6654.753
-6157.882
-6261.953
-6119.274
-6751.362
-6307.237
-6254.476
-6118.544
-6185.309
-6183.946
-6546.19
-6159.341
-6151.931
-7586.429
-6116.475
-6122.594
-6189.835
-6134.849
-6112.851
-6776.804
-6265.217
-6193.645
-6188.123
-6853.838
-6221.917
-6568.613
-6200.96
-6214.023
-6129.716
-6236.211
-6238.196
-6172.263
-6159.816
-6236.545
-6310.44
-6123.766
-6130.917
-6342.041
-6104.151
-6109.158
-6194.424
-6224.075
-6112.68
-6236.298
-6149.628
-6141.272
-6273.446
-6120.52
-6261.021
-6119.025
-7749.28
-6195.237
-6285.22
-6931.541
-6172.876
-6172.376
-6204.006
-6196.998
-6099.397
-6165.875
-6107.413
-6181.834
-6151.436
-6115.529
-6395.797
-6205.551
-6206.128
-6183.24
-6228.26
-6156.908
-6257.333
-6113.298
-6684.649
-6132.443
-6121.044
-6280.903
-6188.259
-6193.464
-6181.059
-6681.762
-6128.711
-6590.816
-6177.696
-6189.517
-6185.137
-6715.514
-6266.658
-6130.57
-6277.571
-6146.413
-9222.695
-6189.154
-6280.683
-7061.69
-6171.296
-6346.128
-6239.58
-7072.287
-6309.55
-6113.244
-6165.885
-6164.412
-6177.211
-6109.713
-6295.051
-6276.273
-6197.524
-8054.938
-6229.986
-6161.183
-6165.925
-6270.795
-6108.663
-8252.402
-6262.357
-6111.662
-6147.154
-6265.494
-6155.025
-6125.639
-6150.071
-6150.842
-9338.697
-6188.686
-6169.35
-6108.941
-6230.67
-6128.347
-6162.28
-6125.069
-6112.181
-6182.116
-6341.805
-6149.222
-6126.713
-6517.381
-6133.868
-6230.19
-6255.904
-6132.735
-6225.19
-6171.017
-6122.254
-6139.257
-6182.939
-6135.679
-6735.405
-6129.564
-6894.759
-6278.658
-6202.549
-6642.368
-6178.644
-6127.056
-6231.779
-6105.169
-6121.583
-6098.817
-6112.258
-6141.671
-6255.479
-6126.308
-6239.682
-6509.938
-6186.525
-6146.458
-6179.058
-6213.936
-6289.059
-6097.405
-6111.471
-6093.281
-6272.542
-6443.253
-6178.048
-6684.011
-7604.31
-6618.01
-6274.067
-6158
-7929.549
-6129.064
-6538.779
-6130.729
-6172.259
-6110.703
-6196.965
-6128.426
-6418.08
-6724.568
-6161.141
-6107.848
-6240.145
-6259.519
-6214.47
-6114.276
-6092.05
-6361.234
-6303.239
-6281.697
-6106.996
-6245.029
-6132.789
-6245.815
-6121.152
-6150.685
-6202.371
-6132.213
-6166.255
-6243.176
-6285.358
-6240.013
-6101.853
-6106.178
-6135.013
-6110.309
-6223.956
-6205.096
-6118.252
-6120.436
-6104.059
-6224.714
-7000.205
-6107.696
-6148.656
-6163.727
-6106.512
-6120.13
-6234.968
-6185.197
-6271.181
-6138.627
-6114.376
-6253.214
-6327.37
-6132.287
-6201.478
-6161.102
-6105.468
-6114.538
-6164.888
-6236.748
-6256.319
-6242.576
-6189.159
-6107.443
-6256.726
-6254.426
-6191.491
-6147.951
-6117.09
-6103.109
-6099.385
-6163.044
-6095.615
-7201.916
-6121.274
-6098.18
-6599.283
-6196.903
-6142.221
-6179.74
-6404.63
-6207.049
-6102.837
-6225.42
-6143.577
-7453.91
-6229.198
-6517.239
-6126.977
-6746.544
-6129.142
-6213.919
-6402.502
-6115.786
-6288.942
-6199.832
-7406.333
-6088.723
-6102.847
-6784.663
-6100.059
-6320.797
-6192.529
-6468.821
-6102.667
-6091.814
-6097.286
-6210.83
-6123.324
-6281.437
-6261.666
-6235.921
-6118.547
-6257.847
-6106.787
-6202.407
-6096.812
-6151.522
-6231.37
-6099.576
-6331.105
-6193.163
-6104.101
-6270.204
-6126.701
-6099.526
-6931.879
-6189.652
-6310.952
-6305.935
-6103.751
-6096.18
-6123.307
-6307.857
-6105.126
-6130.273
-7840.312
-6148.902
-6252.337
-6181.846
-11195.23
-6174.922
-6149.501
-6207.157
-6115.514
-6342.441
-6094.486
-6561.553
-6207.343
-6143.242
-6169.187
-6149.406
-6148.111
-6599.257
-6124.649
-6158.458
-6133.131
-6401.159
-6153.101
-6176.402
-6097.727
-6845.049
-6121.048
-6188.869
-6123.259
-6145.103
-6187.447
-6311.887
-8801.363
-6237.71
-7436.217
-6233.702
-6141.831
-6114.03
-6204.822
-7086.209
-6119.954
-6215.075
-6148.728
-6224.06
-6664.772
-6353.245
-6361.962
-6120.979
-6103.524
-6099.113
-6120.053
-6215.846
-6164.085
-6283.828
-6155.24
-6112.107
-7035.386
-6091.855
-6203.325
-6147.547
-6160.849
-6647.632
-6139.934
-6196.63
-7779.87
-6184.842
-6271.352
-6105.063
-6101.281
-7096.97
-6318.705
-6096.31
-6252.536
-6293.607
-6246.975
-6132.748
-6391.264
-6385.96
-6379.89
-6132.829
-7314.348
-6111.209
-6159.084
-6597.466
-6126.043
-6091.311
-6271.311
-6375.529
-6242.903
-6143.783
-6106.411
-6127.616
-6311.652
-7437.817
-6122.58
-6151.555
-7071.224
-6205.285
-6130.034
-6145.944
-6100.455
-6095.626
-6099.698
-6120.515
-8144.144
-6236.514
-6408.908
-6801.902
-6276.245
-6128.653
-6193.389
-8796.201
-6176.342
-6774.691
-6084.168
-6081.225
-6184.55
-6230.198
-6092.423
-6091.013
-6217.528
-7096.597
-6101.646
-6616.527
-6133.615
-6199.869
-6119.495
-6541.109
-7783.548
-6106.631
-7260.501
-7335.422
-6087.443
-6175.528
-6106.456
-6218.3
-6107.812
-6132.696
-6272.404
-6168.828
-6155.179
-6083.601
-6489.301
-6101.385
-6101.787
-6274.437
-6177.119
-6206.05
-6145.672
-6125.943
-6110.433
-6227.427
-6405.246
-6088.99
-6154.094
-6128.754
-6111.942
-6110.883
-6243.445
-6130.705
-6160.897
-6109.84
-6107.759
-6164.691
-6096.362
-6508.825
-6203.729
-6820.866
-6266.467
-6089.185
-6664.49
-6208.803
-6148.868
-6103.698
-6172.589
-6127.676
-6157.368
-6162.574
-6117.744
-6226.936
-6106.38
-6086.19
-6179.565
-6281.438
-6434.491
-7419.697
-6105.974
-6184.329
-6093.568
-6080.812
-6861.664
-6110.774
-6084.16
-6205.395
-6277.15
-6096.429
-6231.694
-6206.711
-6199.959
-6162.547
-6121.252
-6213.725
-6109.483
-6229.988
-6089.223
-6469.019
-6117.476
-6241.847
-6768.326
-6117.792
-6148.982
-6344.553
-6099.853
-6085.725
-6174.762
-6165.235
-6201.195
-6102.779
-6086.157
-6124.515
-6642.463
-6096.486
-6247.796
-6105.227
-6123.193
-6096.759
-6169.77
-6248.753
-6221.327
-6170.284
-6185.765
-6166.713
-6207.772
-6099.977
-6108.729
-6303.931
-6132.425
-6213.165
-6084.283
-6100.184
-6166.912
-6097.385
-6087.442
-6149.144
-6094.448
-7565.252
-6181.302
-6089.544
-6194.21
-6189.208
-6167.848
-6083.943
-6155.102
-6257.135
-7075.727
-6130.157
-6095.864
-6093.638
-6160.435
-6203.531
-6293.194
-6103.321
-6094.881
-6230.811
-6095.133
-6131.853
-6172.882
-6094.753
-6216.428
-6102.302
-6169.227
-6728.466
-6838.907
-6098.665
-6300.666
-6193.688
-6089.112
-6117.826
-6204.174
-6106.785
-6113.434
-6195.019
-6099.187
-7088.364
-6151.612
-6271.463
-6197.225
-6154.833
-6715.787
-6199.664
-6417.492
-6107.158
-6124.141
-6097.565
-6172.795
-6480.648
-6086.784
-6158.558
-6131.391
-6142.805
-6150.428
-6086.523
-6241.361
-6741.448
-6203.026
-6188.522
-6297.259
-6086.934
-6960.244
-6095.159
-6202.903
-6130.932
-6144.136
-6656.885
-6114.317
-10250.03
-6346.63
-6167.069
-6275.061
-6105.124
-6172.593
-6187.851
-6194.605
-6167.217
-6140.685
-6082.479
-6282.928
-6132.267
-6106.548
-6104.608
-6134.736
-6835.205
-6178.62
-7249.864
-6115.472
-6178.551
-6119.67
-6203.619
-6194.285
-6168.168
-6118.793
-6368.721
-6238.518
-6894.303
-6123.523
-6575.113
-6855.23
-6127.178
-6108.031
-6202.783
-9146.314
-6162.462
-6146.673
-6330.607
-6129.612
-6097.409
-6091.485
-6203.575
-8179.721
-6153.384
-6351.696
-6466.83
-6088.586
-6194.266
-6221.986
-6103.703
-6267.193
-6090.655
-6107.455
-6402.257
-6115.792
-6088.124
-6165.316
-6167.852
-6991.53
-6131.895
-6132.36
-6134.21
-6223.191
-6121.754
-6119.98
-6229.479
-6142.911
-6096.166
-6253.174
-6185.507
-6186.83
-6093.074
-6116.587
-6131.2
-6172.961
-6146.053
-6134.775
-6129.285
-6107.096
-6112.479
-6101.783
-6320.494
-6125.64
-6604.454
-6137.966
-6180.767
-6106.551
-6099.784
-6127.712
-6213.685
-6190.903
-6086.408
-6261.765
-7431.558
-6210.303
-6674.162
-6094.715
-6297.485
-6270.886
-6142.172
-6133.358
-6116.333
-6133.18
-6151.263
-6485.53
-6163.069
-6554.599
-6846.589
-6091.659
-6140.968
-6146.723
-6096.67
-6221.543
-6179.104
-6256.757
-6121.303
-6133.364
-8972.502
-6131.566
-6132.543
-7270.665
-6323.185
-6578.569
-6096.084
-6087.183
-6093.079
-6119.388
-6176.717
-6146.646
-6220.591
-6096.658
-6103.536
-6924.501
-6376.104
-6104.194
-6202.239
-6111.156
-6191
-6123.075
-6139.34
-6679.504
-6154.816
-6159.835
-6142.237
-6170.931
-6101.015
-6397.577
-6091.003
-6309.673
-6090.206
-6195.667
-6107.349
-6090.622
-6297.692
-6434.308
-6127.443
-6169.337
-6122.537
-6293.409
-6206.423
-6125.857
-6148.996
-6197.353
-6150.398
-6197.492
-6149.003
-6128.973
-6142.807
-6086.396
-6130.635
-6361.97
-6094.895
-6169.489
-6163.209
-6215.984
-6084.586
-6133.262
-6085.131
-6214.188
-6186.902
-6140.495
-6111.362
-6120.722
-6206.901
-6104.576
-6095.609
-6116.241
-6295.105
-6108.068
-6101.182
-6131.645
-6332.468
-6162.745
-6189.701
-6195.335
-6849.97
-6112.205
-6091.572
-6128.518
-6139.752
-6086.896
-6118.821
-6192.514
-6198.053
-6267.755
-6093.704
-6107.277
-6222.633
-6370.228
-6219.985
-6144.543
-6101.588
-6120.106
-6216.99
-6101.573
-6097.911
-6357.045
-6083.709
-6133.339
-6103.256
-6182.04
-6106.73
-6123.458
-6151.324
-6166.545
-6141.542
-6124.206
-6089.681
-6169.915
-6152.342
-6257.887
-6101.425
-6084.559
-6090.081
-6122.86
-6228.178
-6100.765
-6385.726
-6165.425
-6200.11
-6192.676
-6097.866
-6209.457
-6118.236
-6097.652
-6113.503
-6588.207
-6760.932
-6115.767
-6101.891
-6101.079
-6165.342
-6149.951
-6138.083
-6102.848
-6099.644
-6105.349
-6134.817
-6089.101
-6096.782
-6680.578
-6119.206
-6094.702
-6133.144
-6136.49
-6177.023
-6116.219
-6096.579
-6945.292
-6290.148
-6128.919
-6092.991
-6453.493
-6245.379
-8309.796
-6638.773
-6231.315
-6232.089
-6223.344
-6089.841
-6092.543
-7660.258
-6169.544
-6246.992
-6106.801
-6113.202
-6094.085
-6116.673
-6212.057
-6109.645
-6097.975
-6101.101
-6110.994
-6641.314
-6163.768
-6105.768
-6175.995
-6107.581
-6328.409
-6197.944
-6105.984
-6154.323
-6094.383
-6264.659
-6517.733
-6146.222
-7027.262
-6431.018
-6208.301
-7269.018
-6492.336
-6125.313
-6162.169
-6151.556
-6118.799
-6447.652
-6205.846
-6181.165
-6603.763
-6139.77
-6128.756
-6159.595
-6173.41
-6468.378
-6951.615
-6332.287
-6129.111
-6096.046
-6967.038
-6144.265
-6089.514
-6102.845
-6207.169
-6087.596
-6184.325
-6087.447
-6126.782
-6083.59
-6130.532
-6155.388
-6107.023
-6205.508
-6080.564
-6145.056
-6103.368
-6585.057
-6119.855
-7216.296
-6386.253
-6166.024
-6139.814
-6167.606
-6128.195
-6152.858
-6100.684
-6127.249
-6115.355
-6138.234
-6088.63
-6135.781
-6117.33
-6106.263
-6087.074
-6139.438
-6099.317
-10241.19
-6189.086
-6411.482
-6141.892
-6149.866
-6102.038
-8132.811
-6105.422
-6254.985
-6124.221
-6092.921
-8170.462
-6172.833
-8307.561
-6181.476
-6107.248
-6092.221
-6107.592
-6077.713
-6255.008
-6362.415
-6443.598
-6519.056
-6132.394
-6461.107
-6184.867
-6121.721
-6138.388
-6096.606
-7075.617
-7011.953
-6223.899
-6087.224
-6194.027
-6091.885
-6156.114
-6108.077
-6107.401
-6168.176
-6660.073
-6275.392
-6251.342
-6096.787
-6118.597
-6538.922
-6084.707
-6161.398
-6112.152
-6144.295
-6364.63
-6352.283
-6100.837
-6133.127
-6206.261
-6134.683
-6592.745
-6090.132
-6093.249
-6113.937
-6222.506
-6911.227
-6080.86
-6140.469
-6105.374
-6152.19
-6564.664
-6145.883
-6079.901
-7525.471
-6600.853
-6640.339
-6097.564
-6210.684
-6805.564
-6213.694
-7722.805
-6639.165
-6173.356
-6574.746
-6127.34
-6144.237
-6237.806
-6217.577
-6403.884
-6086.494
-6231.473
-6083.454
-6096.29
-6186.604
-6164.266
-6466.742
-6152.815
-6228.296
-6847.114
-6429.899
-6097.048
-6169.776
-6115.08
-6181.069
-6246.247
-6186.478
-6545.042
-6144.745
-6327.875
-6097.492
-6938.887
-6285.742
-6109.165
-6151.772
-6085.751
-6097.064
-6237.32
-6231.642
-6224.209
-6099.249
-6162.078
-6227.839
-6097.816
-6507.915
-6169.363
-6121.609
-6091.403
-6090.286
-6130.563
-6366.448
-6586.771
-6092.448
-6087.602
-6135.799
-6900.35
-6141.885
-6200.776
-6097.243
-6850.458
-6331.868
-6237.145
-6116.998
-7779.853
-6252.956
-6081.945
-6129.173
-6163.934
-6225.875
-6083.918
-6152.455
-6104.255
-6180.835
-6250.854
-6360.279
-6613.775
-6078.188
-6096.191
-6616.896
-6720.638
-7071.652
-6539.846
-6285.435
-6248.983
-6381.456
-6153.17
-6198.102
-6114.001
-6096.093
-6764.88
-6089.307
-6183.042
-6150.038
-6224.857
-6407.331
-7350.592
-6209.964
-6241.29
-6169.161
-6593.606
-6211.045
-6208.872
-6107.115
-6151.631
-7047.255
-6094.329
-6183.805
-6640.359
-6154.781
-6127.644
-6089.137
-6195.61
-6129.509
-6231.35
-6134.315
-6184.28
-6226.396
-6281.545
-6767.123
-6533.865
-6120.487
-6394.538
-6209.421
-6192.314
-6173.803
-6756.864
-6818.479
-6211.29
-6165.875
-6327.797
-6105.96
-6150.98
-6165.846
-6264.664
-6145.459
-6130.214
-6236.686
-6235.929
-6086.59
-7162.206
-6130.192
-6187.517
-6115.313
-6085.719
-6138.201
-6102.091
-6112.663
-6223.999
-6128.631
-6147.583
-6527.338
-6401.452
-7504.862
-6264.94
-6317.23
-6102.175
-6086.324
-6096.95
-6109.745
-6498.291
-6369.848
-6969.184
-6126.065
-6091.381
-6098.202
-6254.028
-6296.895
-6085.685
-6198.969
-7617.684
-7111.913
-6291.034
-6106.105
-6095.295
-6203.638
-6106.037
-6191.347
-6117.284
-6182.253
-6150.958
-6260.632
-7589.087
-6131.833
-7099.231
-6170.66
-6099.751
-6176.779
-6092.71
-6091.759
-6167.154
-6194.471
-6094.152
-6122.516
-6183.373
-6096.601
-6350.545
-6249.747
-6770.239
-6112.905
-6198.678
-6170.766
-6110.995
-6154.03
-7028.876
-6210.763
-6093.901
-6146.319
-6124.017
-6130.403
-6100.702
-6180.085
-6198.655
-6098.7
-6128.159
-7147.284
-6227.406
-6229.25
-6087.065
-6261.66
-6167.954
-6151.743
-6170.229
-6647.412
-6232.03
-6149.096
-6100.762
-6181.882
-6129.701
-6133.067
-6095.54
-6189.558
-6207.13
-6111.358
-6287.349
-6506.354
-6201.867
-6091.139
-6084.056
-6150.872
-6116.814
-6208.66
-6115.143
-6150.955
-6240.751
-6128.226
-6384.025
-6289.044
-6456.348
-6235.272
-6435.082
-6091.777
-6204.318
-6091.495
-6107.463
-6184.983
-6232.109
-6171.232
-6100.287
-6124.525
-6092.159
-6089.664
-6690.767
-6094.037
-6235.727
-6708.337
-6248.669
-6156.197
-6273.544
-6147.674
-6117.32
-6088.66
-6095.913
-6167.34
-6094.466
-6117.247
-6149.917
-6188.816
-6146.252
-6808.915
-6096.116
-7078.026
-6562.779
-6803.608
-7561.126
-6081.113
-6117.896
-6302.998
-6183.795
-6700.789
-6087.743
-6202.3
-6140.814
-6189.384
-6114.297
-6244.734
-6537.332
-6627.122
-6249.428
-6080.294
-7351.677
-6105.492
-8491.809
-6161.215
-6093.206
-6152.092
-8311.908
-6109.416
-6302.047
-6109.526
-6238.749
-6274.233
-6208.981
-6263.491
-6083.377
-6081.626
-6094.181
-6128.661
-6191.562
-6101.968
-6081.29
-6631.702
-6357.188
-6195.194
-6286.772
-6232.963
-6088.429
-6121.077
-6214.016
-6206.057
-6163.404
-6144.978
-6176.747
-6113.701
-6092.247
-6271.851
-6095.702
-6199.927
-6208.353
-6099.046
-7866.794
-6933.212
-6233.232
-7633.851
-6132.163
-6095.26
-6147.938
-6225.451
-6137.76
-6087.288
-6098.126
-6248.579
-6098.21
-6098.186
-6087.134
-6106.51
-6099.016
-6146.888
-6091.584
-6288.834
-6100.47
-6163.264
-6161.676
-6250.765
-6179.707
-6678.413
-6597.863
-6111.72
-6086.187
-6151.597
-6227.169
-6100.632
-6126.128
-6623.096
-6095.634
-6198.324
-6682.501
-6199.243
-6140.556
-6093.379
-6134.083
-6290.801
-6500.525
-6411.399
-6113.03
-6174.675
-6131.544
-6305.937
-6088.073
-6125.342
-6124.137
-6101.065
-6118.882
-6104.64
-6836.427
-6230.468
-6136.265
-7180.278
-6167.212
-6233.071
-6087.344
-6097.986
-6097.031
-7226.286
-6197.207
-6133.969
-6182.536
-6107.206
-6236.201
-6196.76
-6401.7
-6088.199
-6123.239
-6156.562
-6153.33
-6103.636
-6123.592
-6438.079
-6110.499
-6244.46
-6109.527
-6266.532
-6220.864
-6097.004
-6135.358
-6620.177
-6218.364
-6147.146
-6087.954
-6088.842
-6125.45
-7227.668
-6241.05
-6346.591
-6126.956
-6163.093
-6541.586
-6194.098
-6529.899
-6745.886
-6112.563
-6979.447
-6094.398
-6125.62
-6353.529
-6703.994
-6093.102
-6147.355
-6084.452
-6198.329
-6426.48
-6147.108
-6097.591
-6442.321
-6127.546
-6144.081
-6126.088
-6094.116
-6108.293
-6143.25
-6112.863
-6116.045
-6165.689
-6105.261
-6132.651
-6169.657
-6189.193
-6107.234
-6096.957
-6081.39
-6111.106
-6105.301
-6365.717
-6184.414
-6179.977
-6223.958
-6156.447
-6249.255
-6189.625
-6139.56
-6258.45
-6110.744
-6376.753
-6217.402
-6217.443
-6147.119
-6681.199
-6817.661
-6151.181
-6313.174
-6141.597
-6100.362
-6090.39
-6094.332
-6176.677
-6724.033
-6158.905
-6137.859
-6099.072
-6396.106
-6201.52
-7452.74
-6088.192
-6190.926
-6809.14
-6449.885
-6169.644
-6174.395
-6197.085
-6089.622
-6109.955
-6110.35
-6190.457
-6269.02
-6097.579
-6125.409
-6803.359
-6136.208
-6135.771
-6088.974
-6173.039
-6620.829
-6083.072
-6363.721
-6173.441
-6096.117
-6187.065
-6088.541
-6247.306
-6225.141
-6089.244
-6083.203
-6109.153
-6244.459
-6104.271
-6190.008
-6217.458
-6220.91
-6782.462
-6106.4
-6117.778
-7015.429
-6156.504
-6134.946
-6318.549
-6093.122
-6118.491
-7091.762
-6101.432
-6225.255
-6093.089
-6100.937
-6095.344
-7981.085
-6099.942
-6089.051
-6110.463
-6104.569
-6104.948
-6208.444
-6605.096
-6984.919
-6100.336
-6405.186
-6559.617
-6409.993
-6298.254
-7540.338
-6123.028
-6120.993
-6170.882
-6134.762
-6952.886
-6097.76
-6086.601
-6400.041
-6119.339
-6124.524
-6119.202
-6127.914
-6393.917
-6651.01
-6122.721
-6132.744
-6200.655
-6138.318
-6198.652
-7173.679
-6163.639
-6208.337
-6153.412
-6091.246
-6090.024
-7517.018
-6172.169
-6221.08
-6144.154
-6142.207
-6430.419
-6108.663
-6090.837
-6106.302
-8682.098
-6122.29
-6221.41
-6118.656
-6098.328
-6147.115
-6142.488
-6091.225
-6104.193
-6164.356
-6208.852
-6085.771
-6458.131
-6157.687
-7937.88
-6355.481
-6093.934
-6096.464
-6602.303
-6962.746
-6109.955
-6156.071
-6181.126
-6586.584
-6161.006
-6379.013
-6155.057
-6136.07
-6217.288
-6170.31
-6105.376
-6124.686
-6149.495
-6144.771
-6345.38
-6231.387
-6991.116
-6090.236
-6098.712
-6137.76
-6135.647
-6210.064
-6080.204
-6083.24
-6093.675
-6089.331
-6257.37
-6153.136
-6331.619
-6246.956
-6090.971
-6161.871
-6156.066
-7845.011
-6087.541
-6594.633
-6426.985
-6183.971
-6172.024
-6091.832
-6142.023
-6249.712
-6890.177
-6178.486
-6097.848
-6157.107
-6558.349
-6112.438
-6091.278
-6190.993
-6495.655
-6103.851
-6188.808
-6687.224
-6149.7
-6534.096
-7741.797
-6088.011
-6195.019
-6231.907
-6237.963
-6234.188
-6150.953
-6214.802
-6141.641
-6267.711
-6144.113
-6089.978
-6214.863
-6278.977
-6083.254
-6101.23
-6181.098
-6088.908
-6098.95
-6087.421
-6192.775
-6093.671
-6267.083
-6112.574
-7382.793
-6219.627
-6184.174
-8307.466
-6095.42
-6141.966
-6111.463
-7435.961
-6111.312
-6132.688
-6147.071
-6096.307
-6245.225
-6240.778
-8656.811
-6101.055
-6113.115
-7053.038
-6110.651
-6221.592
-6092.284
-6099.227
-6100.783
-6393.168
-6200.855
-6086.953
-6176.12
-6131.139
-6099.716
-6156.863
-6211.324
-6138.367
-6114.237
-6226.637
-6285.58
-6188.067
-6136.431
-7026.638
-6346.404
-6535.064
-6277.42
-6431.268
-6111.094
-6167.959
-6132.535
-6118.599
-6164.276
-6301.369
-6126.718
-6146.869
-6210.382
-6208.382
-6202.208
-6786.085
-6172.612
-6523.784
-7584.955
-6229.964
-6696.567
-6157.401
-6094.605
-6200.643
-7981.891
-6963.107
-6747.624
-6456.892
-6091.451
-6265.558
-6207.684
-6103.929
-6156.534
-6765.4
-6252.888
-6214.258
-6210.523
-6089.57
-6127.019
-6168.712
-6767.071
-7407.554
-6199.238
-6610.075
-6191.897
-6190.236
-6193.084
-6147.083
-6822.053
-6089.506
-6095.816
-7561.782
-6119.828
-6169.234
-6465.512
-6350.972
-6789.873
-6143.937
-6096.425
-6700.9
-6118.11
-6107.208
-6119.809
-6095.111
-6223.566
-6677.468
-6317.478
-6190.05
-6152.9
-6207.322
-6115.739
-6095.145
-6118.024
-6223.465
-6084.471
-6301.286
-6125.754
-6378.929
-6112.541
-6171.981
-6247.219
-6090.603
-6103.63
-10428.78
-6169.899
-6899.048
-6218.009
-6141.027
-6509.278
-6086.138
-6080.799
-6088.586
-6129.074
-6097.785
-6120.189
-6132.22
-6086.219
-6893.135
-6097.806
-6076.259
-6243.651
-6133.115
-7312.74
-6671.557
-6276.525
-6959.719
-6217.315
-6369.604
-6331.757
-6108.657
-6148.202
-6158.698
-6177.775
-6092.178
-6098.738
-6116.6
-6256.001
-6570.69
-6109.17
-6114.824
-6079.7
-7288.561
-6148.348
-6091.859
-6330.359
-6132.831
-6282.663
-6121.814
-6230.188
-6847.119
-6118.159
-6216.679
-6105.649
-6225.112
-6562.376
-6486.895
-6161.525
-6186.25
-6124.925
-6681.417
-6424.199
-6105.776
-6186.782
-6394.911
-6257.841
-6468.499
-6269.63
-7456.163
-6615.884
-6202.355
-6207.849
-6232.64
-6155.298
-6109.759
-6101.306
-6142.479
-6720.551
-6544.008
-6123.367
-6216.775
-6133.227
-7157.8
-6137.644
-6217.322
-6098.306
-6108.28
-6083.372
-6083.106
-6180.224
-6120.324
-6910.584
-6448.131
-6086.45
-6193.975
-6115.379
-6086.335
-6114.308
-6096.185
-6084.734
-6083.366
-6209.159
-6555.309
-6132.602
-6635.523
-6220.221
-6878.514
-7077.822
-6979.709
-6142.797
-6089.207
-6107.428
-6132.076
-6078.615
-6227.313
-6258.861
-6196.712
-6449.958
-6114.577
-6134.412
-6221.555
-6252.721
-6162.135
-6097.937
-6193.47
-6219.921
-6081.447
-6385.306
-6136.731
-6208.33
-6112.614
-6123.814
-6204.645
-6739.107
-6112.701
-6154.663
-6585.166
-7021.577
-6098.155
-6179.249
-6100.65
-6109.341
-6220.419
-6089.933
-6243.128
-6149.382
-6191.174
-6508.718
-6296.033
-6151.475
-6166.922
-9711.044
-6234.134
-6120.649
-6092.609
-6084.179
-6108.167
-6106.618
-6769.753
-6466.258
-6089.446
-6388.793
-6095.525
-6251.664
-7099.336
-6217.958
-6637.768
-6172.227
-6276.1
-6088.306
-6171.851
-6260.954
-6200.788
-6853.26
-6157.455
-6088.087
-6139.014
-7191.311
-7793.762
-6090.848
-6157.254
-6173.752
-6388.327
-6145.466
-6113.984
-6274.293
-6224.921
-6680.772
-6307.828
-6215.525
-6195.057
-6091.91
-6124.787
-6124.653
-8237.409
-6465.39
-6080.774
-6242.624
-6169.675
-6320.74
-6369.644
-6205.616
-6086.535
-6201.585
-6123.615
-6084.606
-6119.913
-6080.172
-6829.772
-6277.978
-6170.225
-6325.527
-6207.56
-6114.341
-6208.668
-6538.097
-6083.527
-6256.469
-6196.713
-6087.854
-6162.259
-6126.038
-6180.349
-6100.675
-6117.944
-6243.563
-6281.874
-6092.581
-6585.477
-6138.038
-6131.502
-6122.185
-6406.23
-6168.627
-6172.14
-6214.402
-6159.522
-6276.643
-6091.175
-6135.374
-6142.636
-6764.97
-6170.888
-6532.683
-6172.25
-6202.499
-6095.349
-6131.207
-6251.475
-6277.986
-6251.09
-6088.94
-7997.27
-6293.42
-6142.105
-6213.023
-6187.112
-6086.678
-6078.149
-6184.042
-6649.137
-6445.991
-6145.812
-6286.606
-6153.55
-6190.627
-7254.753
-6088.429
-6097.889
-6151.228
-6222.4
-6175.908
-6100.405
-6086.915
-6216.353
-6107.415
-6163.184
-6210.956
-6239.413
-6194.382
-6084.775
-6572.94
-6146.31
-6155.461
-6329.289
-6237.272
-6191.03
-6233.798
-6107.354
-8119.697
-6246.594
-6090.396
-6208.262
-6211.654
-6401.467
-6193.747
-8311.063
-8428.685
-6092.827
-6112.172
-6088.168
-8558.185
-6505.607
-6127.469
-6083.317
-6092.422
-6267.215
-6251.398
-6209.11
-6109.859
-6109.507
-6261.147
-6113.721
-7401.673
-6081.223
-6216.807
-6108.941
-6874.302
-8229.808
-6094.36
-6232.492
-6445.615
-6237.84
-6793.179
-6255.804
-6094.024
-8305.527
-6194.399
-6175.038
-6092.238
-6088.171
-6244.143
-6225.378
-6095.77
-6113.731
-6343.889
-6195.62
-6098.557
-6155.161
-6209.231
-6140.288
-6438.354
-6089.761
-6216.269
-6234.985
-6219.843
-6109.278
-6174.168
-6191.105
-6245.22
-6214.335
-6607.815
-6255.222
-6607.57
-7437.246
-6134.42
-6096.502
-6202.968
-6854.609
-6474.415
-6144.858
-6321.166
-6142.007
-6227.921
-6093.958
-6102.125
-7190.924
-6094.712
-6089.233
-6165.576
-6097.54
-6299.663
-6196.82
-6096.461
-6089.11
-6357.423
-6171.925
-6154.56
-6092.587
-6215.512
-6195.064
-6120.669
-6193.874
-6134.147
-6203.927
-6149.773
-6139.824
-6117.611
-6160.172
-6388.018
-6107.392
-6416.009
-6290.445
-6116.097
-6180.335
-6088.231
-6236.633
-6139.199
-6181.84
-6258.374
-6118.348
-6128.116
-6150.462
-6135.495
-6163.278
-6117.085
-6135.754
-6103.932
-6101.048
-6225.505
-6100.489
-6143.211
-6128.175
-7385.743
-6172.197
-6093.875
-6134.155
-6137.255
-6082.891
-6148.409
-6192.666
-6093.819
-6098.453
-6178.859
-6165.806
-6087.491
-7702.231
-6282.782
-6193.636
-6256.883
-6365.684
-6550.393
-6180.526
-6161.222
-8466.728
-6232.177
-6134.138
-6253.198
-6272.078
-6332.279
-6090.709
-6432.189
-6155.711
-6527.572
-6135.351
-6145.658
-8186.521
-6172.366
-6082.783
-6132.55
-6168.31
-6205.38
-6116.853
-6147.471
-6161.579
-6239.196
-6311.663
-6106.976
-6493.819
-6357.333
-6198.363
-7883.552
-6139.462
-6118.862
-6102.42
-6523.454
-6110.332
-6086.241
-6152.21
-7104.377
-6132.906
-6191.887
-6108.319
-6259.019
-6163.448
-6122.219
-6104.503
-6116.882
-6178.351
-6366.251
-6140.911
-6094.582
-6088.057
-7319.937
-6333.435
-6084.606
-6220.496
-6157.137
-6231.587
-6105.691
-6432.067
-6158.456
-6090.434
-6082.435
-6087.893
-6628.387
-6096.926
-6223.657
-6077.521
-6083.03
-6184.523
-7010.262
-6097.969
-6172.898
-6858.242
-6116.929
-6147.811
-6154.191
-6967.577
-6441.169
-6288.576
-6207.542
-6197.26
-6089.57
-6079.835
-6893.735
-6127.428
-6190.799
-6195.896
-6336.642
-6180.477
-6217.284
-6102.356
-6091.256
-6163.452
-6327.509
-6154.813
-6201.57
-6121.261
-6216.013
-7965.844
-6153.285
-6523.809
-6732.222
-6178.522
-6366.413
-6243.368
-6206.033
-6106.163
-6203.918
-6101.713
-6210.139
-6108.488
-6198.495
-6199.997
-6117.315
-6140.318
-7021.268
-6085.984
-6119.809
-6079.968
-6214.786
-6108.189
-6080.829
-6080.938
-6148.941
-6180.13
-6185.757
-6206.362
-6204.999
-6362.885
-6937.315
-6139.596
-6152.582
-6117.549
-6263.148
-6096.512
-6163.938
-6104.285
-6107.784
-6194.873
-12560.97
-6086.057
-8082.341
-6092.242
-6177.103
-6131.515
-6986.193
-6116.905
-6187.627
-6083.883
-6091.051
-6212.356
-6192.609
-6098.408
-6760.426
-6180.781
-6154.514
-6108.377
-6579.369
-6082.396
-6238.867
-6209.185
-6224.815
-6202.042
-6162.759
-6108.163
-6219.291
-6105.287
-6145.93
-6099.361
-7049.725
-6131.223
-6107.06
-6132.1
-6084.616
-6404.581
-8468.971
-6139.154
-6247.831
-6089.418
-6084.443
-6220.685
-6132.305
-6229.742
-6331.971
-6102.785
-6394.12
-6144.235
-6556.591
-6355.93
-6189.183
-6600.671
-6103.154
-6114.85
-6115.561
-6096.74
-6080.505
-6167.394
-6236.199
-6229.614
-6120.465
-6216.202
-6179.684
-6177.222
-6094.137
-6092.253
-6097.9
-6220.973
-6092.701
-6194.724
-6093.357
-6154.687
-6427.517
-6118.227
-6711.544
-6098.467
-6173.007
-6082.94
-6104.932
-7377.205
-6918.91
-6106.335
-6099.483
-6210.86
-6138.552
-6195.186
-6142.21
-6274.275
-6170.878
-8020.507
-6098.617
-6812.293
-6219.718
-6493.5
-6125.581
-6092.379
-6175.309
-6104.45
-6120.848
-6225.301
-6098.95
-6184.014
-6119.157
-6188.33
-6600.041
-6095.131
-6132.325
-6086.863
-6359.075
-6213.62
-6086.726
-6231.542
-6193.826
-6087.082
-6209.701
-6183.479
-6341.219
-6155.04
-6115.839
-6164.635
-6123.494
-6098.142
-6118.675
-6158.68
-8169.43
-6151.887
-6092.388
-6198.975
-6351.72
-6194.807
-9266.696
-6302.432
-6946.642
-6212.477
-6205.944
-6093.868
-6267.367
-6240.747
-6106.048
-6250.234
-6172.648
-6283.547
-6096.928
-6191.567
-6185.99
-6122.362
-6273.402
-6103.777
-6156.15
-6123.698
-6116.318
-6095.923
-6128.978
-6336.46
-6120.012
-6186.92
-6093.511
-6567.625
-6932.668
-6129.164
-6368.274
-6118.191
-7281.021
-6200.099
-6709.581
-6247.786
-6163.307
-6113.509
-6186.966
-8311.228
-7208.209
-6363.975
-6108.546
-6193.539
-6423.59
-6173.059
-6209.86
-6078.504
-6837.128
-6123.205
-6087.76
-6858.293
-6087.234
-6105.404
-6222.215
-6188.624
-6093.716
-6869.213
-6091.533
-6446.128
-6167.013
-6083.282
-6097.062
-6112.2
-6083.656
-7865.365
-6114.476
-6087.821
-6168.118
-6121.972
-6695.303
-6095.417
-6183.42
-6088.264
-6224.238
-7162.251
-6095.635
-6102.207
-6406.286
-6179.679
-6395.005
-7036.699
-6172.874
-6158.543
-6203.685
-6220
-6224.832
-6157.481
-6087.08
-6084.074
-6112.549
-6805.346
-6185.75
-6175.645
-6192.86
-6113.781
-6305.057
-6210.766
-6171.863
-6759.844
-6164.866
-7505.163
-6102.263
-6144.829
-7729.988
-6205.537
-6144.686
-6116.491
-6166.454
-6163.44
-6216.295
-6142.785
-6150.291
-7134.92
-6340.397
-6700.152
-6227.814
-6750.129
-6425.65
-6162.399
-6082.999
-6177.235
-6217.162
-6213.019
-6204.325
-6086.991
-6151.507
-6109.233
-6080.772
-6204.987
-6107.803
-6114.515
-6254.468
-6090.206
-6357.474
-6088.511
-6125.036
-6184.262
-6125.681
-6127.935
-6163.809
-6193.846
-6132.874
-6093.281
-7325.249
-6121.653
-7463.212
-6326.119
-9075.255
-6191.342
-6109.543
-6182.703
-6402.484
-6809.03
-6215.904
-6097.005
-6082.167
-6165.417
-6262.717
-6113.227
-6099.934
-6652.191
-6109.154
-6199.045
-6078.963
-6082.547
-6099.721
-6080.395
-6543.106
-6096.624
-6110.533
-6250.709
-6327.579
-6175.095
-6857.76
-6144.86
-6128.205
-6668.061
-6271.206
-6075.767
-6089.601
-6428.212
-6086.3
-6129.233
-6089.915
-6638.896
-6471.969
-6146.705
-6332.469
-6083.029
-6237.969
-7634.923
-6167.394
-6090.313
-6326.973
-6947.127
-6097.818
-6139.366
-6440.621
-6580.788
-6171.527
-6159.149
-6601.267
-6107.135
-6105.183
-6088.489
-6159.176
-6077.909
-6143.807
-6088.357
-6550.919
-6098.533
-6183.827
-6390.469
-6124.436
-6262.631
-6110.521
-6095.257
-6087.281
-6116.65
-6085.028
-6116.514
-6447.78
-6444.038
-6196.613
-6204.844
-6140.863
-6155.621
-6230.826
-6237.96
-6133.366
-6115.034
-6080.974
-6530.046
-6122.551
-6237.959
-6503.036
-6769.41
-6211.631
-6178.147
-6226.873
-6267.311
-6185.09
-6258.591
-6134.513
-6201.314
-6582.088
-6119.431
-6554.865
-6153.654
-6547.594
-6155.138
-6093.619
-6139.486
-6123.154
-6976.616
-6124.153
-6110.439
-6204.178
-6093.649
-6118.89
-6107.099
-6106.633
-6222.956
-6156.412
-6081.487
-7304.49
-6088.684
-6195.077
-6176.552
-7304.559
-6181.309
-6229.965
-6132.661
-6183.231
-6133.114
-6118.08
-6782.463
-6115.359
-6617.213
-6184.196
-6097.246
-6645.106
-6140.733
-6111.205
-6110.063
-6121.875
-6121.413
-6110.801
-6131.352
-6149.16
-6917.59
-6101.634
-6122.989
-6084.791
-6225.207
-6092.313
-6101.553
-6194.915
-6231.583
-6197.209
-6148.767
-6096.166
-7328.489
-6092.307
-6215.58
-7666.864
-6328.472
-6114.494
-6096.91
-6138.541
-6154.869
-6139.888
-6217.833
-6132.476
-6200.505
-6092.381
-6138.862
-6112.725
-6209.614
-6097.123
-6173.719
-6156.705
-6140.29
-6143.829
-6089.601
-6081.808
-6965.616
-6165.484
-6122.342
-6090.035
-6761.458
-6132.691
-6097.866
-6867.148
-6511.176
-6150.385
-6155.986
-6140.166
-6081.092
-6193.85
-6143.493
-6087.944
-6250.812
-6093.292
-6122.442
-6571.365
-6200.59
-6234.832
-6157.702
-6651.235
-6150.995
-6085.592
-6525.747
-6099.081
-6195.725
-6129.532
-10654.63
-6144.45
-6158.769
-7009.098
-6108.608
-7009.057
-6238.031
-6198.07
-6186.318
-6174.319
-6224.231
-7265.925
-8402.802
-6177.133
-6177.468
-6133.765
-6107.022
-7337.496
-6168.608
-6117.4
-6136.548
-6111.107
-6266.962
-6093.945
-6135.416
-6084.884
-6139.077
-6089.681
-6627.263
-6747.94
-6515.294
-6307.018
-8631.343
-7027.728
-6155.929
-6158.39
-6155.192
-6363.398
-6100.632
-6174.989
-6144.005
-6132.067
-6114.408
-6151.684
-6112.281
-6176.773
-6168.585
-6089.495
-6101.241
-6084.068
-7585.078
-6112.376
-6121.88
-6191.593
-6310.204
-6133.921
-6088.113
-6105.27
-7773.867
-6179.463
-6328.977
-6168.964
-6078.731
-6090.801
-6451.354
-6444.308
-7071.317
-6203.161
-6127.902
-6199.085
-6295.058
-6172.427
-8357.495
-6502.225
-6549.853
-6358.698
-6083.306
-6164.72
-6080.13
-6087.674
-6516.378
-6327.259
-6300.896
-7072.469
-6254.007
-6188.761
-6089.001
-7243.664
-6180.602
-6081.751
-7054.874
-6107.833
-6090.68
-6103.079
-6082.107
-6844.083
-6595.943
-6085.682
-6101.534
-6193.042
-6227.441
-6152.026
-6177.333
-6117.939
-6123.717
-6156.011
-6097.409
-6101.216
-6156.582
-6126.815
-6228.526
-6164.946
-6182.663
-6158.015
-6159.44
-6165.055
-6133.899
-6492.71
-6123.702
-6121.366
-6133.092
-6098.89
-6100.001
-6139.86
-6493.221
-7340.272
-6216.865
-6114.391
-6161.963
-6297.35
-6240.483
-6230.166
-6326.195
-6308.436
-7190.44
-6207.849
-6195.066
-6182.388
-6975.229
-6102.245
-6136.481
-6115.659
-6136.354
-6159.278
-6477.464
-6144.506
-6116.699
-9847.422
-6313.284
-6181.142
-6103.599
-6297.85
-6255.159
-6086.259
-6149.118
-6167.497
-6161.299
-6197.39
-6167.757
-6097.521
-6164.962
-6140.242
-6171.029
-7834.65
-6199.372
-6134.441
-6279.329
-6189.336
-6100.473
-6305.42
-6201.326
-6089.368
-6579.771
-6151.914
-6210.924
-6105.275
-7053.296
-6122.996
-6228.627
-7283.664
-6087.741
-6372.501
-6107.297
-6085.841
-6104.379
-6164.152
-6085.61
-6095.495
-6180.675
-6199.347
-6083.203
-6211.316
-6177.041
-6103.915
-6139.742
-6231.975
-6165.368
-6160.437
-6167.466
-6209.788
-6192.901
-6090.053
-6134.879
-6205.905
-6482.656
-6093.25
-6131.894
-6186.723
-6467.728
-6158.995
-6189.604
-6080.298
-6615.972
-6549.617
-6256.064
-6095.998
-10044.75
-6310.42
-6172.002
-6403.294
-6578.549
-6121.336
-6118.372
-6151.766
-6192.281
-6092.119
-6190.718
-6199.35
-6352.818
-6211.734
-6083.902
-6087.333
-6112.804
-6190.681
-6226.98
-6149.873
-6171.029
-6082.231
-6623.911
-6092.731
-6341.163
-6159.266
-6130.571
-6182.319
-6082.535
-6125.25
-6081.572
-6730.199
-6204.502
-6148.791
-6136.214
-6195.681
-6218.068
-6645.703
-6145.513
-6259.672
-6088.659
-6888.508
-6209.996
-6161.463
-6080.879
-6217.792
-6130.2
-6479.478
-6102.16
-6776.041
-6386.863
-6244.562
-7349.787
-6214.605
-6206.005
-6175.144
-6089.473
-6154.516
-6082.525
-6122.675
-6204.635
-6092.407
-6087.642
-6582.07
-6097.605
-6103.008
-6382.1
-6158.204
-6119.833
-6082.073
-6124.314
-6212.671
-6158.191
-6139.429
-6371.065
-6199.748
-6163.268
-6115.011
-6492.366
-6227.403
-6159.076
-6261.295
-6325.396
-6108.042
-6146.545
-6796.503
-6106.152
-6140.75
-6736.995
-6086.358
-6748.865
-6134.947
-6161.044
-6175.072
-6133.971
-7364.174
-6176.11
-6197.938
-6158.296
-6126.673
-6236.926
-6187.588
-6688.971
-6160.938
-6139.534
-6098.877
-6313.766
-6115.7
-6100.636
-6118.221
-6190.086
-6620.666
-6798.496
-6096.116
-6231.289
-6172.072
-6092.85
-6084.947
-6139.125
-6119.75
-6685.387
-6123.759
-6153.543
-6399.687
-6186.494
-6082.481
-6344.782
-6225.436
-6489.523
-6193.604
-6170.692
-6141.687
-6179.72
-6223.034
-6202.232
-6500.983
-6244.428
-6335.866
-6174.607
-6169.422
-6126.514
-6086.39
-6083.32
-6480.021
-6160.036
-6159.78
-9142.7
-6167.085
-6211.48
-6898.582
-6139.955
-6113.581
-6098.334
-6153.162
-6828.414
-6141.59
-6083.317
-6142.725
-6101.85
-6125.287
-6082.2
-6083.884
-6136.154
-6117.819
-6635.896
-6123.512
-6122.846
-6084.069
-6155.685
-6089.107
-6448.918
-6171.144
-6077.622
-6080.009
-6152.818
-6141.233
-6464.936
-6226.404
-6157.464
-6119.531
-6693.283
-6192.036
-6842.408
-6135.753
-6091.459
-6138.203
-6140.543
-6143.712
-6550.842
-6210.934
-6080.683
-6670.086
-6143.49
-6139.68
-6146.582
-6095.855
-6128.27
-6708.977
-6227.082
-6095.014
-7868.312
-6095.223
-6161.046
-6087.167
-6456.67
-6154.999
-6113.888
-6085.516
-6287.192
-6229.49
-6663.095
-6223.827
-6595.319
-6221.465
-6164.115
-6241.459
-6574.707
-10390.82
-6077.207
-6198.749
-6084.169
-6114.645
-6896.428
-6247.643
-7449.689
-6239.551
-6172.555
-6226.818
-6196.129
-6340.02
-6813.168
-6324.349
-6148.085
-6198.638
-6087.591
-6248.299
-6090.786
-6095
-6487.627
-6102.571
-6619.563
-6220.927
-6734.088
-7844.139
-6259.862
-6095.48
-6091.665
-6149.781
-7434.999
-6469.404
-6181.805
-6129.338
-6247.244
-6115.464
-6340.64
-6648.732
-6383.124
-6083.815
-6145.364
-6423.064
-6108.973
-6219.184
-6226.355
-6243.88
-6184.189
-6199.875
-6135.92
-6761.662
-6080.446
-6116.048
-6877.144
-6223.106
-6256.618
-6202.056
-6199.225
-6215.418
-6098.431
-6232.379
-6242.52
-6091.137
-6164.92
-6164.608
-6256.963
-6239.78
-6174.276
-6140.529
-6172.853
-6238.248
-6086.999
-7232.194
-6136.884
-6218.379
-6090.352
-6251.685
-6727.203
-6240.371
-6084.754
-6371.067
-6132.487
-6222.34
-6137.328
-6735.282
-6465.783
-6088.24
-6084.303
-6714.968
-6170.551
-6229.678
-6166.636
-6100.504
-6238.312
-6190.551
-6171.357
-6142.997
-6179.389
-6173.336
-6760.589
-6221.883
-6139.979
-6650.191
-6221.755
-6125.496
-7268.819
-6090.58
-7864.248
-6153.772
-6220.038
-6152.879
-6145.587
-6242.989
-6255.571
-6283.432
-6117.91
-6566.38
-6250.944
-6226.14
-6135.604
-6192.338
-6227.986
-6126.062
-6234.191
-6094.739
-6187.122
-6310.723
-6082.529
-6154.277
-6150.846
-6226.568
-6083.784
-6090.709
-6093.353
-6099.801
-6876.837
-6127.033
-6473.678
-6163.328
-6343.011
-6153.477
-6101.3
-6229.664
-6153.924
-6224.937
-6366.35
-6115.564
-6092.747
-6211.068
-6119.709
-6122.795
-6227.443
-6113.465
-6155.408
-6117.222
-6140.53
-6190.703
-6130.021
-7660.229
-6114.811
-6170.098
-6106.995
-6800.466
-7869.876
-6119.18
-6097.342
-6445.328
-6147.039
-6167.836
-6092.908
-6230.886
-6170.887
-6101.075
-6153.046
-6136.014
-6209.026
-6244.964
-6136.01
-6236.412
-6253.246
-6088.084
-6203.656
-6165.682
-6623.553
-6100.878
-6254.946
-6207.391
-6641.324
-6229.991
-6717.196
-6162.878
-6197.506
-6083.541
-6246.483
-6111.072
-6099.213
-6106.726
-6917.5
-6090.836
-6099.399
-6408.726
-8294.015
-6138.496
-6183.554
-6194.569
-6220.381
-7802.496
-6087.739
-6088.692
-6204.609
-6154.358
-6230.21
-6249.102
-6332.198
-7513.187
-6157.243
-6080.93
-6143.08
-6115.397
-6186.593
-6097.15
-6190.635
-6468.094
-6247.651
-6106.498
-6366.767
-6668.802
-6601.393
-6237.5
-6222.181
-6742.171
-6113.398
-6228.529
-6511.514
-6137.269
-6172.797
-6146.118
-6192.713
-6141.464
-6254.783
-7629.814
-6181.599
-6289.541
-10163.35
-6263.729
-6095.523
-7246.345
-6163.695
-6088.405
-6101.374
-6863.72
-8093.314
-6129.999
-6231.345
-6115.642
-6118.704
-6998.708
-6226.898
-6111.011
-6280.353
-6167.672
-6082.334
-6157.242
-6119.108
-6417.796
-10293.01
-6200.962
-6076.145
-6099.805
-6171.197
-6254.296
-6148.322
-6699.22
-6097.717
-6085.689
-6083.995
-6384.873
-6103.007
-6143.507
-6140.845
-6117.883
-6238.957
-6887.012
-6239.897
-6125.544
-6485.595
-7221.068
-6103.855
-6750.025
-7543.012
-6188.654
-6122.371
-6114.552
-6215.695
-6226.32
-6122.584
-6884.579
-6104.844
-6267.923
-6081.539
-6094.98
-6505.464
-6081.405
-6190.217
-6183.651
-6352.988
-6117.134
-6357.166
-6471.976
-6147.946
-6199.51
-6450.041
-6187.314
-6171.351
-6197.197
-6115.133
-6089.344
-7061.91
-6085.527
-6082.729
-6094.914
-6194.864
-6116.348
-6133.982
-6161.159
-6187.769
-6582.195
-6087.068
-6082.263
-6153.078
-6083.454
-6663.83
-6110.247
-6212.24
-6110.489
-6096.93
-6211.565
-6531.818
-6099.9
-6103.427
-6235.477
-6339.496
-6079.216
-6127.718
-6153.815
-6181.219
-6086.434
-6202.526
-6829.657
-8901.123
-6203.826
-6177.877
-6167.283
-7619.663
-6079.723
-6138.439
-6097.006
-6147.644
-6213.672
-6098.436
-6107.609
-6086.63
-7352.06
-6179.039
-6193.686
-6157.435
-6171.803
-6169.49
-6422.102
-6312.683
-6229.607
-6294.768
-6120.075
-6213.494
-6321.561
-6478.692
-6173.886
-6991.503
-7068.655
-6087.569
-6229.469
-6092.858
-6133.634
-8951.195
-6112.61
-6131.165
-6177.712
-6269.372
-7807.61
-6081.236
-6086.14
-6156.035
-7941.757
-6314.342
-6605.972
-6654.105
-6122.094
-6233.361
-6214.355
-6228.991
-6143.884
-6101.997
-6150.098
-6113.477
-6157.976
-6127.139
-6152.616
-6241.945
-6624.904
-6097.173
-6092.513
-6142.548
-6253.687
-6812.717
-6254.207
-6487.958
-6440.935
-6104.494
-6171.459
-6194.043
-6234.172
-6094.625
-6216.188
-6117.971
-6146.527
-6083.581
-6093.392
-6083.019
-6216.137
-6125.904
-6193.228
-6234.499
-6092.96
-6895.904
-6264.251
-6123.6
-6175.884
-6167.948
-6092.932
-6147.442
-6577.742
-6208.018
-6101.777
-6087.268
-6149.89
-6147.609
-6181.171
-6097.149
-6250.606
-6124.496
-6103.857
-6115.367
-6608.437
-6136.069
-6222.759
-6082.492
-6213.206
-6149.338
-6157.602
-6088.214
-6142.85
-6130.757
-6113.321
-6088.718
-6113.067
-6134.883
-6195.822
-6170.844
-6215.782
-6234.563
-6108.922
-6104.509
-6751.295
-6920.97
-6139.673
-7135.078
-6574.189
-6214.621
-6172.471
-6081.06
-6604.93
-6109.141
-6101.665
-6231.918
-6102.683
-6357.084
-6212.89
-6170.3
-6124.209
-6126.598
-6789.913
-6586.014
-6279.106
-6266.957
-6092.393
-6188.178
-6219.822
-6216.441
-6197.162
-6098.828
-6139.144
-6187.667
-6254.681
-6096.295
-6429.978
-6085.4
-7513.71
-6146.449
-6168.039
-6167.631
-6711.841
-6094.125
-6128.128
-6124.13
-6136.039
-6099.464
-6099.222
-6127.474
-6239.222
-7272.165
-6149.385
-6204.013
-6226.032
-6196.227
-6149.309
-6269.154
-6222.866
-6307.729
-6202.485
-6343.398
-6105.994
-6172.553
-6079.476
-6102.509
-6226.815
-7144.73
-6133.81
-6129.406
-6132.149
-6393.694
-6219.593
-7077.398
-6100.232
-6240.931
-6175.329
-6089.821
-6148.874
-6123.642
-6093.139
-7563.816
-6124.653
-6098.964
-6943.012
-6153.63
-6242.86
-6152.688
-6207.02
-6135.277
-6266.535
-6150.969
-6150.842
-6239.811
-7664.172
-6217.249
-6123.867
-6854.682
-6632.207
-6227.597
-6202.095
-6201.406
-6096.398
-6107.629
-6111.985
-6232.453
-6171.223
-6162.586
-6078.764
-6105.53
-6129.797
-6221.404
-6160.85
-6156.432
-6165.652
-6258.643
-6088.964
-6207.778
-6256.278
-6206.78
-6361.036
-6692.491
-6154.06
-6392.43
-6237.123
-6197.003
-7289.57
-6564.82
-6239.748
-6142.523
-6417.351
-6184.682
-6503.545
-6366.065
-6269.969
-6234.233
-6154.44
-6395.168
-6320.268
-6200.938
-6115.179
-6240.98
-6489.28
-6135.206
-6135.99
-6161.471
-6255.416
-6085.38
-6338.179
-6109.125
-6083.481
-6116.159
-6125.476
-6099.271
-6083.014
-6108.885
-6115.98
-6516.799
-6196.891
-6174.609
-6148.061
-6428.749
-6208.969
-6826.011
-6103.232
-6122.227
-6159.841
-6116.628
-6091.398
-6094.336
-6166.83
-6177.155
-6082.072
-7391.583
-6186.819
-6476.471
-6104.454
-6173.107
-6842.339
-6153.588
-6083.549
-6083
-6446.298
-6220.538
-6115.376
-6123.002
-6127.491
-6106.053
-6213.863
-6088.57
-6205.767
-6130.216
-6121.954
-7170.208
-6117.111
-6238.317
-6123.056
-6590.24
-6085.573
-6197.535
-6144.196
-6181.651
-6092.51
-8233.439
-6208.211
-6913.8
-6123.842
-6120.364
-6093.455
-6158.074
-6100.024
-6296.965
-6098.19
-6181.614
-8203.732
-6156.762
-6209.038
-6095.14
-6350.553
-6184.974
-6282.118
-6214.99
-6563.848
-6405.498
-6189.929
-6153.995
-6084.889
-6087.064
-6241.958
-6651.796
-6126.724
-8753.546
-7826.514
-6092.266
-6200.913
-6128.989
-6204.656
-6090.75
-6276.572
-6080.632
-6108.293
-6399.413
-6223.512
-8474.135
-6154.634
-6674.633
-6132.898
-6094.126
-6184.361
-6103.659
-6142.001
-6087.884
-6891.126
-6883.112
-6568.329
-6112.152
-6208.524
-6149.093
-6439.803
-6385.202
-6130.811
-6128.474
-6097.134
-6136.84
-6114.705
-7804.643
-6451.674
-6142.23
-6154.546
-6512.43
-6098.337
-6244.496
-6206.809
-6146.264
-6079.303
-6115.935
-7310.02
-6093.923
-6316.486
-6096.151
-6821.782
-6084.628
-6658.255
-6092.189
-6206.884
-6484.097
-6107.626
-6098.686
-6121.145
-6147.826
-6166.953
-6828.076
-6156.561
-6095.143
-6180.066
-6191.6
-6728.562
-6560.752
-6288.574
-6144.781
-6109.262
-6168.938
-6234.098
-6294.749
-6160.888
-6181.127
-6173.071
-6177.52
-6348.889
-6159.378
-6181.479
-6105.01
-6170.03
-6257.457
-6348.757
-6105.674
-6200.514
-6092.211
-6188.261
-6110.751
-6136.343
-6157.182
-6114.349
-6435.911
-6089.551
-6091.792
-6204.39
-6157.484
-6243.125
-6110.373
-6761.074
-6216.178
-6101.644
-8830.441
-6088.444
-6133.021
-6093.905
-6084.107
-6187.404
-6312.36
-6143.904
-6217.824
-6139.375
-6306.334
-6253.413
-6088.392
-6088.209
-6192.521
-6189.732
-6229.982
-6086.564
-6216.998
-6619.141
-6117.75
-6113.481
-6229.042
-7955.165
-6128.663
-6160.586
-6088.279
-6151.778
-6189.648
-6272.777
-6459.379
-6088.107
-6091.306
-6101.474
-6109.532
-6207.687
-6127.93
-6199.854
-6086.203
-6083.287
-6259.034
-7313.447
-6107.721
-6093.234
-6236.411
-6463.849
-6283.385
-6112.88
-6118.949
-6643.035
-6152.024
-6154.52
-6118.782
-8141.205
-6366.304
-6205.502
-7238.474
-6386.628
-6176.017
-6145.103
-6766.065
-6214.4
-6191.744
-6152.433
-6134.527
-6164.971
-6090.735
-6183.218
-7236.006
-6101.107
-6176.908
-6151.953
-6103.573
-6154.921
-6956.672
-6533.547
-6087.946
-6090.662
-6085.708
-6158.026
-6258.248
-6352.003
-6149.624
-6554.589
-6204.914
-6121.813
-6095.979
-6194.806
-6559.615
-6139.714
-6255.828
-6107.533
-6178.572
-6117.895
-6204.176
-6168.823
-6095.666
-6173.641
-6131.636
-6112.003
-6601.886
-6098.565
-6248.039
-6114.075
-6113.614
-6193.781
-6157.944
-6231.011
-6091.974
-6150.871
-6344.679
-6256.004
-6206.407
-6141.501
-6109.558
-6119.535
-6114.374
-6100.569
-6092.149
-6134.238
-6246.769
-6215.619
-6233.305
-6226.678
-6116.531
-6225.161
-6155.284
-6089.114
-6228.867
-7865.734
-6137.057
-6097.282
-6177.852
-6187.86
-6092.211
-6130.523
-9703.184
-6167.144
-6129.378
-7140.909
-6228.028
-6079.049
-6096.424
-7018.857
-6302.619
-6219.778
-6113.52
-6162.287
-6162.582
-7366.297
-6207.272
-6169.009
-6107.596
-6408.199
-6391.506
-6084.83
-6257.954
-6169.031
-6249.739
-6714.048
-6232.965
-6152.583
-6560.149
-6654.574
-6369.961
-6236.51
-6117.694
-6092.245
-6175.535
-6158.015
-6871.605
-6210.664
-6250.792
-6230.562
-6832.735
-6152.081
-6170.049
-6228.78
-6090.893
-6092.185
-6121.053
-6086.81
-8524.037
-6184.561
-6372.056
-6266.868
-6233.976
-6245.629
-7881.673
-6088.809
-6218.78
-6112.612
-6151.542
-6144.081
-6093.865
-6092.46
-7167.28
-6200.065
-6655.687
-6229.321
-6136.761
-6203.523
-6191.35
-6111.993
-6117.499
-6127.372
-7821.54
-6302.081
-6190.682
-6202.359
-6177.249
-6107.304
-6230.714
-6558.132
-6581.632
-6118.955
-6184.697
-6474.576
-6095.779
-6336.104
-6120.373
-6104.247
-6082.287
-6129.525
-6712.465
-6104.277
-6227.096
-6408.731
-6727.143
-6089.858
-6140.623
-6217.846
-7125.861
-6164.45
-6088.19
-6406.017
-6154.582
-6082.453
-6133.696
-7761.047
-6169.519
-6122.631
-6230.42
-6098.695
-6177.799
-6105.942
-6114.188
-6724.195
-6221.001
-6189.225
-6660.279
-6117.276
-6269.985
-6282.482
-6146.318
-6087.228
-6088.807
-6110.332
-6213.927
-6110.781
-6207.813
-6227.063
-6098.139
-6097.734
-6089.203
-6151.818
-6248.33
-6335.199
-6959.285
-6206.507
-6110.469
-6117.382
-6248.236
-6225.563
-6111.984
-6166.648
-6226.018
-6178.736
-6283.419
-6196.378
-7549.031
-6161.198
-6279.877
-6250.658
-6120.473
-6183.401
-6170.427
-6231.355
-6164.033
-6210.467
-6113.42
-6170.744
-6319.496
-6219.891
-6823.251
-6206.673
-6146.299
-6098.425
-6100.946
-6204.321
-6117.663
-6119.257
-6197.055
-6101.778
-6089.186
-6187.319
-6150.597
-6090.36
-6119.042
-6196.312
-6363.583
-7438.071
-6147.189
-6252.985
-6280.185
-7080.017
-6222.526
-6673.735
-6100.016
-6108.363
-6402.286
-6151.213
-6187.801
-6264.106
-6094.584
-6180.886
-6168.375
-6173.148
-6193.387
-6096.825
-6119.42
-6115.434
-6083.077
-6143.82
-6193.274
-6095.516
-6121.86
-6084.753
-6380.294
-6168.408
-6117.754
-6135.319
-6185.884
-6095.949
-6559.938
-6183.324
-6152.524
-6775.791
-6098.956
-6186.735
-6091.699
-6378.458
-6263.598
-6219.735
-8275.043
-6130.983
-6945.584
-7401.523
-6439.269
-6088.852
-6085.244
-6120.172
-6092.003
-6100.348
-6278.215
-6615.551
-6184.505
-6109.303
-6163.248
-6354.705
-6257.146
-6084.782
-6090.336
-6754.851
-6169.761
-7329.088
-6084.308
-6171.758
-6167.976
-6405.161
-6139.183
-6130.222
-6081.955
-6096.496
-6184.743
-6105.488
-6914.899
-6165.616
-6151.487
-6493.418
-6188.753
-6119.999
-6104.009
-6155.676
-6088.231
-6430.86
-6289.1
-6207.275
-6122.442
-6222.343
-6218.038
-6126.196
-6188.716
-6151.486
-6206.355
-6258.98
-6082.575
-6162.61
-6118.345
-6089.332
-6144.433
-6187.902
-6443.518
-6530.539
-6101.124
-6138.039
-6110.318
-6157.807
-6143.032
-6254.203
-6087.539
-6157.513
-6308.742
-8084.406
-6241.382
-6270.134
-6250.448
-6262.849
-6110.456
-6096.002
-6608.889
-6116.434
-6100.447
-6140.983
-6104.756
-6098.663
-6089.767
-6705.8
-6134.576
-6213.018
-6098.152
-6142.893
-6227.538
-6094.771
-6293.165
-6105.822
-6097.59
-6569.665
-6121.706
-6152.38
-6183.498
-6167.425
-6185.463
-6102.892
-6558.106
-6118.999
-6405.825
-6518.995
-6193.233
-6195.916
-6223.261
-6085.071
-6084.34
-6141.099
-6446.837
-8493.857
-6101.553
-6120.071
-6131.048
-6112.75
-6147.718
-6125.729
-6746.766
-6120.593
-6122.982
-6327.027
-6128.89
-6090.662
-6229.218
-6163.471
-6116.077
-6241.502
-6287.296
-6160.44
-6233.807
-6097.578
-6762.554
-6334.455
-6428.757
-6214.96
-6139.093
-6186.578
-6232.836
-6084.601
-6096.921
-6148.794
-6143.206
-6083.926
-6218.382
-6143.433
-6181.648
-6094.36
-6433.42
-6210.192
-6090.349
-6085.413
-6098.775
-6092.53
-6104.549
-6560.101
-6302.271
-6101.101
-7778.194
-6194.548
-6084.904
-6092.425
-6322.223
-6085.784
-6143.773
-6339.405
-7107.449
-7048.18
-6870.714
-6214.811
-6113.869
-6243.304
-6934.315
-6418.533
-6895.756
-6108.164
-6102.375
-6085.77
-6108.167
-7710.04
-6087.636
-6086.67
-6132.805
-6124.919
-6225.499
-6126.74
-6203.356
-6082.955
-6135.178
-6112.346
-6121.395
-6212.14
-6215.899
-6117.716
-6099.174
-6095.959
-6095.639
-6092.054
-6081.738
-6104.647
-6129.114
-6315.766
-6089.79
-6082.113
-6344.9
-6086.025
-6303.278
-6182.323
-6141.421
-6606.174
-6572.971
-6181.277
-6982.851
-6081.104
-6150.741
-6176.644
-6217.764
-6188.129
-6087.374
-6137.065
-6116.269
-6170.212
-7806.009
-7257.217
-6589.602
-6191.092
-6420.166
-7979.032
-6110.774
-6209.05
-6239.69
-6149.86
-6242.151
-6247.567
-8484.172
-6132.67
-6247.93
-6233.689
-6221.476
-6992.167
-6200.686
-6219.79
-6115.575
-7417.79
-6139.058
-6095.147
-6230.825
-7882.989
-6195.218
-6216.845
-6192.055
-6089.668
-6091.715
-7257.07
-6960.239
-6547.335
-6159.066
-6090.555
-7068.41
-6974.565
-6198.072
-6458.029
-6189.195
-6171.358
-6093.023
-6122.278
-6930.343
-6169.692
-6091.154
-6645.079
-6183.864
-6102.23
-6133.518
-6173.363
-6115.71
-6104.913
-6267.333
-6422.836
-6195.085
-6086.009
-6114.304
-6137.047
-6100.719
-6148.881
-6234.262
-6749.332
-6107.081
-6616.931
-6712.455
-6122.779
-6152.226
-6109.503
-6514.432
-6669.106
-6094.765
-6122.524
-6153.364
-6084.911
-6340.401
-6120.437
-6274.72
-6475.354
-6135.652
-6126.707
-6133.677
-6086.341
-6194.115
-6416.039
-7478.369
-6108.951
-6108.212
-6080.412
-6188.535
-6195.968
-6130.094
-6109.996
-6406.162
-6119.151
-6091.318
-6211.51
-6247.379
-6085.488
-7010.057
-7647.022
-6097.093
-6172.005
-6177.608
-6119.064
-6150.901
-6152.427
-6187.239
-6104.978
-6434.986
-6205.409
-6365.75
-6188.745
-6085.069
-6092.131
-6086.13
-6212.233
-6209.032
-6081.959
-7225.165
-6154.892
-6126.9
-6099.81
-6122.565
-6499.814
-6347.798
-6106.109
-6138.063
-6236.23
-6836.837
-6180.5
-6141.734
-6277.823
-6321.62
-6160.446
-6137.766
-7159.816
-6083.559
-6523.726
-6089.977
-6133.292
-6148.55
-6082.477
-6402.388
-6238.206
-6083.135
-6730.999
-6084.141
-6145.713
-6239.544
-6344.589
-6186.221
-6182.692
-6192.75
-6189.53
-6117.101
-6897.392
-6233.983
-6080.253
-6202.467
-6087.947
-6104.692
-6086.569
-6085.456
-6099.921
-6105.898
-6086.816
-6310.356
-6183.621
-6114.484
-6123.658
-6091.693
-7308.424
-6135.464
-6271.008
-6266.419
-6079.013
-6091.327
-6088.711
-6188.533
-6087.283
-6112.266
-6210.798
-6098.954
-6153.046
-6093.496
-6704.682
-6143.96
-6120.031
-6128.557
-6738.768
-6088.093
-6635.385
-6148.115
-6276.633
-6356.234
-6245.667
-6562.211
-6130.309
-6192.268
-6173.44
-6087.697
-6465.001
-6243.067
-6092.572
-6100.11
-6114.521
-6208.12
-6096.064
-6109.122
-6440.637
-6195.443
-6104.682
-6213.916
-6105.221
-6232.026
-6100.988
-6105.292
-6301.119
-6191.308
-6084.868
-6095.457
-6748.007
-6172.193
-6096.979
-6145.573
-6337.927
-6222.847
-6193.217
-7039.89
-6094.124
-6083.359
-6079.414
-6433.769
-6237.687
-6088.044
-6753.908
-6638.035
-6093.081
-6251.03
-6229.88
-6117.587
-6124.35
-6169.394
-6303.939
-6209.242
-6083.237
-6175.674
-6104.577
-6086.684
-6205.205
-6223.716
-6268.096
-6093.541
-6233.783
-6147.607
-6115.257
-6084.988
-6200.273
-6204.721
-6126.97
-6109.22
-6104.097
-6119.4
-6529.162
-6251.656
-6077.06
-6465.388
-6094.548
-6111.93
-6390.161
-6172.593
-6180.397
-6384.485
-6207.166
-6132.644
-6941.674
-6179.287
-6369.105
-6175.184
-6128.739
-6103.683
-6992.194
-6140.922
-6120.128
-6081.66
-6082.691
-6092.337
-6094.128
-6217.146
-6094.449
-6400.078
-7267.502
-6133.381
-6084.706
-6146.668
-6103.087
-6440.08
-6405.643
-6174.464
-6503.69
-6102.019
-6107.608
-6379.522
-6180.426
-6143.099
-6183.12
-6404.336
-6211.922
-6162.787
-6095.835
-6280.373
-6553.507
-6235.748
-6103.19
-6714.061
-6200.67
-6083.4
-6164.552
-6123.012
-6187.533
-6174.435
-6585.089
-6943.266
-6114.687
-6133.49
-6245.926
-6081.571
-6145.878
-6165.481
-6199.387
-6137.181
-6138.951
-6142.347
-6144.419
-6545.91
-6401.738
-6264.272
-6148.341
-6091.156
-6652.318
-6141.755
-6145.329
-6213.379
-6479.742
-6097.945
-6164.282
-6180.643
-6077.627
-6160.26
-6677.932
-6119.381
-6231.406
-6125.58
-6459.869
-6094.301
-6084.947
-6124.446
-6084.229
-6186.135
-6140.72
-6173.736
-6100.042
-6165.932
-6104.923
-6099.155
-6232.302
-6098.263
-6487.895
-6197.104
-6232.937
-6101.145
-6188.096
-6082.735
-6085.102
-8776.862
-6169.464
-6138.966
-6082.128
-6333.29
-6098.042
-6612.031
-6132.213
-6699.962
-6144.374
-6176.765
-6111.712
-6171.234
-6237.523
-7740.494
-6346.978
-6103.203
-6257.299
-6087.742
-6271.203
-6205.368
-6080.068
-6104.445
-6110.665
-6110.949
-6170.925
-6152.342
-6108.104
-6388.563
-6102.6
-6112.208
-6131.318
-6241.965
-6099.651
-6160.729
-6085.831
-6089.274
-6156.648
-6198.926
-6214.015
-6104.808
-6100.514
-6191.658
-6135.92
-6126.694
-6190.492
-6105.083
-6120.481
-7167.338
-6201.41
-6169.377
-6184.59
-6158.185
-6284.778
-7117.12
-6565.048
-6152.35
-6170.44
-6476.898
-6206.928
-6160.258
-6311.871
-6099.696
-6194.692
-6178.954
-6198.004
-6161.656
-6091.278
-7461.332
-6209.283
-6254.209
-6135.543
-6870.063
-6196.199
-6465.798
-6229.663
-7991.081
-6105.862
-6156.031
-6836.84
-6339.315
-6150.567
-6218.188
-6205.162
-6977.345
-6197.174
-6178.987
-6167.039
-6112.593
-6099.455
-8153.955
-6252.731
-6197.456
-6140.453
-6248.274
-6238.964
-6677.083
-6140.215
-6173.474
-6117.147
-6188.598
-6147.803
-7260.425
-6084.733
-6098.529
-6106.929
-6210.183
-7591.461
-6189.429
-6114.214
-6096.235
-6218.633
-6143.659
-6189.337
-6120.805
-6122.984
-6124.659
-6131.376
-6120.088
-6243.515
-6080.353
-6111.114
-6203.978
-6128.427
-6088.1
-6085.319
-6106.675
-6077.426
-6170.344
-6220.087
-6101.922
-6329.961
-7626.836
-6083.682
-6193.775
-6410.519
-6218.792
-6283.239
-6215.673
-6248.01
-6173.706
-6193.588
-6129.33
-8385.811
-6289.28
-6292.961
-6211.157
-6090.369
-6247.656
-6096.001
-6373.761
-6103.193
-6096.008
-6097.27
-8164.261
-6373.22
-6132.086
-6117.045
-6327.879
-6147.73
-6898.866
-6253.154
-6131.028
-6114.418
-6448.093
-6093.794
-7185.855
-6195.866
-6138.729
-6174.492
-6088.199
-6085.018
-6312.71
-6256.107
-6173.789
-6126.602
-6088.356
-6154.906
-6159.516
-6100.056
-6210.27
-6871.69
-6233.471
-6224.066
-6170.902
-9341.877
-6121.48
-6198.56
-6683.009
-6107.824
-6185.783
-6086.134
-6586.317
-6195.758
-6116.859
-6104.372
-6216.3
-6352.607
-6186.702
-6082.492
-6181.435
-6180.836
-6139.007
-6192.731
-6619.784
-6087.208
-6250.305
-6149.111
-6612.919
-6125.865
-6150.909
-6194.676
-7512.991
-6081.096
-6103.951
-6216.882
-6136.943
-7418.843
-6452.044
-6227.503
-6105.978
-6124.884
-6147.183
-6205.609
-6180.718
-6089.428
-6103.754
-6143.136
-6078.304
-6250.932
-6276.703
-6089.089
-6097.954
-6106.541
-6185.748
-6120.369
-6109.862
-6401.045
-6119.62
-6202.777
-6186.785
-6114.301
-6169.248
-6109.457
-6994.894
-6103.219
-6188.973
-6248.771
-6104.796
-6149.512
-6594.368
-6732.759
-6111.68
-6099.922
-6083.649
-6230.249
-6136.539
-6118.776
-6107.406
-6213.504
-7408.348
-6084.565
-6136.784
-6625.64
-6217.236
-6113.292
-6180.204
-6181.372
-6171.678
-6213.9
-6120.402
-6100.979
-6101.421
-7502.956
-6190.843
-6320.662
-6207.809
-6854.709
-6385.61
-6117.506
-6086.077
-6081.269
-6090.625
-6163.161
-6204.483
-6158.79
-6082.327
-6081.765
-6259.866
-6254.691
-6088.946
-6140.629
-6142.931
-6222.948
-6217.075
-6158.944
-6116.267
-6386.489
-7154.486
-6122.664
-6117.768
-6184.541
-6195.071
-6135.384
-6138.799
-6091.06
-6161.909
-6088.953
-6117.605
-6207.443
-6213.594
-6107.065
-6409.556
-6196.306
-6584.856
-6217.139
-6129.053
-6088.529
-6156.267
-6113.367
-6102.031
-6184.327
-6401.348
-6128.922
-6186.464
-6131.655
-6279.938
-6101.457
-6182.688
-6230.206
-6241.832
-6109.884
-6083.897
-6093.687
-6093.045
-6560.995
-6430.263
-7025.291
-6274.003
-6296.056
-6096.037
-6129.254
-6124.045
-6240.358
-6505.013
-8084.854
-6206.736
-6102.7
-6125.406
-6154.623
-6167.235
-6083.777
-6181.033
-6169.269
-6299.14
-6092.906
-6130.588
-6111.102
-7623.661
-6159.779
-6135.986
-6126.842
-6300.684
-6162.878
-6312.019
-6091.001
-6180.348
-6925.129
-6084.173
-6211.534
-6082.573
-6386.519
-6081.361
-6259.455
-6089.073
-6227.043
-6095.121
-6145.63
-6124.004
-6182.582
-6143.136
-7063.343
-6101.703
-6239.036
-6121.485
-6135.136
-6153.661
-6197.09
-6199.614
-6132.052
-6894.231
-6128.007
-6469.892
-6130.269
-6090.462
-6141.891
-6091.27
-6091.712
-6100.334
-6091.495
-6523.072
-6519.214
-6203.206
-6992.736
-6232.312
-6185.934
-6100.545
-6135.044
-6144.96
-7256.017
-6159.857
-6218.005
-6119.638
-6088.282
-6186.424
-6185.938
-6099.603
-6107.244
-6164.124
-6180.283
-6124.57
-6102.582
-6085.641
-6108.187
-6489.142
-6210.92
-7004.729
-6109.36
-6077.005
-6158.563
-6087.635
-8548.87
-6080.44
-7007.192
-6139.348
-7513.526
-6106.635
-6167.478
-6758.056
-6130.546
-6082.828
-6093.882
-6159.622
-6191.751
-6125.097
-6147.083
-6090.82
-6295.713
-6088.071
-6119.575
-7713.05
-6379.34
-6114.462
-6200.273
-6093.292
-6406.764
-6091.964
-6232.067
-7372.033
-6386.3
-6722.895
-6205.099
-6574.731
-6106.851
-8318.517
-6190.186
-6118.249
-6083.542
-6200.42
-6095.726
-6092.075
-6101.066
-6102.624
-7044.561
-6180.891
-6171.654
-6093.61
-6170.952
-6079.902
-6371.159
-6161.907
-6132.161
-6466.556
-6090.67
-6170.444
-6760.779
-6117.292
-7111.974
-7033.082
-6113.036
-6087.424
-6203.175
-6139.632
-6087.297
-7248.645
-6124.925
-6089.759
-6152.743
-6107.268
-6110.956
-6097.194
-8721.278
-6134.515
-6103.782
-6482.678
-6204.413
-6163.887
-6166.368
-6307.554
-6193.049
-6117.446
-6218.939
-6862.772
-6185.868
-6138.699
-6098.818
-6165.641
-6335.09
-6112.552
-6141.462
-6130.676
-6316.547
-6115.51
-6194.15
-6440.623
-6181.418
-6081.915
-6096.674
-6098.513
-6084.467
-6198.811
-6081.895
-6268.111
-6575.118
-6226.461
-6134.866
-6204.755
-6238.778
-6426.286
-6177.921
-6529.253
-6101.691
-6177.219
-6209.203
-7119.366
-6287.649
-6195.938
-6101.147
-10239.23
-7535.15
-6115.754
-6363.03
-6543.084
-6118.698
-6115.036
-6121.038
-6123.875
-6160.636
-6167.065
-6127.161
-6438.59
-6463.802
-6114.661
-6131.681
-6123.904
-6182.614
-6615.732
-6098.916
-6144.039
-6145.001
-6102.815
-6197.43
-6187.742
-6165.095
-6297.614
-6555.671
-6868.384
-6087.096
-6086.662
-6841.786
-6360.694
-6303.678
-6273.3
-6142.479
-6108.13
-6187.04
-6088.014
-6082.477
-6093.016
-6089.438
-6588.203
-6108.886
-6113.584
-6213.826
-6246.579
-6212.221
-7421.552
-6085.898
-6089.403
-6121.86
-6118.336
-6124.593
-6154.227
-6232.352
-6371.575
-6143.521
-6153.948
-6171.531
-6144.125
-6483.49
-6465.143
-6096.372
-6139.555
-6793.611
-6236.156
-6098.578
-6116.208
-6193.704
-6117.854
-7104.859
-6553.932
-6106.049
-6095.782
-6135.359
-6133.332
-6088.164
-6105.515
-6144.286
-6172.115
-6139.506
-6136.874
-6139.089
-6213.812
-6116.782
-6192.5
-6091.948
-6252.103
-6163.733
-6114.129
-6111.967
-6225.892
-6459.234
-6311.005
-6106.346
-6329.023
-6084.576
-6166.872
-6093.845
-6207.105
-6160.831
-6265.844
-6109.932
-6118.919
-6126.664
-6119.937
-6203.139
-6098.842
-6180.21
-6147.692
-6145.886
-6146.153
-6161.945
-6210.597
-7135.321
-6234.607
-6093.347
-6147.762
-6111.451
-6193.394
-6099.093
-6326.684
-6192.067
-6248.507
-6136.266
-6092.625
-6111.681
-6251.354
-6487.416
-6317.552
-6122.053
-6085.093
-6578.358
-6194.994
-6130.347
-6989.008
-6228.666
-6119.059
-6359.814
-6142.38
-6802.678
-6184.866
-6138.315
-6092.204
-6202.803
-7118.818
-6105.808
-6229.707
-6149.382
-6623.438
-7997.86
-6180.736
-6143.573
-6243.193
-6179.239
-6155.003
-6095.412
-6129.192
-6121.283
-6153.819
-6742.145
-6087.239
-6091.501
-6139.663
-6198.112
-6135.011
-6245.949
-6242.448
-7185.711
-6268.468
-6096.43
-6111.115
-6137.217
-6108.057
-6601.926
-6223.698
-6090.122
-6147.74
-6083.232
-6149.148
-6123.969
-6258.042
-6099.761
-6158.66
-6470.654
-6222.517
-6115.455
-6184.828
-6385.833
-6092.025
-6610.94
-6518.625
-6243.985
-6220.054
-7186.191
-6150.541
-6494.067
-6190.242
-6083.597
-6220.554
-6130.472
-6175.666
-7813.994
-6217.292
-6121.106
-6177.561
-6088.349
-7066.943
-6120.462
-6117.95
-6198.792
-6152.448
-6092.555
-6738.316
-6495.785
-6828.393
-6162.898
-6083.002
-6158.232
-6485.583
-6227.659
-6207.939
-10266.71
-6125.69
-6205.064
-6430.391
-6092.962
-6076.878
-6201.249
-6175.968
-6156.846
-6127.036
-6189.408
-6124.955
-6266.789
-6137.654
-6451.088
-6234.885
-6139.08
-6196.733
-6089.591
-6117.502
-6086.878
-6092.864
-6115.509
-6183.503
-6661.968
-6088.155
-6092.151
-6482
-6789.978
-6092.309
-6102.248
-6105.856
-6131.162
-6262.246
-6084.565
-6127.283
-6083.614
-7288.555
-6176.009
-9999.163
-6487.793
-6175.896
-6208.833
-6098.767
-6162.42
-6156.604
-7445.953
-6093.066
-6239.705
-6229.362
-6217.099
-6127.206
-6104.728
-6077.173
-6149.226
-6089.24
-6120.81
-9055.702
-6099.085
-6121.138
-7000.717
-6087.993
-6175.85
-6210.847
-6104.701
-6547.141
-8414.531
-6165.462
-8237.592
-7056.349
-6194.5
-6164.061
-6638.01
-6082.148
-6081.362
-6218.902
-6241.467
-6078.484
-6145.153
-6188.555
-6216.025
-6083.937
-6639.026
-6460.797
-6243.001
-6187.639
-6093.816
-6082.942
-6227.562
-6177.473
-7515.108
-6190.093
-6155.585
-6228.871
-6137.871
-6555.94
-6772.334
-6202.577
-7737.887
-6105.634
-6190.294
-6092.863
-6079.146
-6090.33
-6198.504
-6199.507
-6186.335
-6126.415
-6798.909
-6179.407
-6105.038
-6101.445
-6082.77
-6077.851
-6211.821
-6089.29
-7857.874
-6186.367
-6133.477
-6226.234
-6157.057
-6400.51
-7246.509
-6232.784
-6160.336
-6219.886
-6092.467
-6130.947
-6088.844
-6086.85
-6085.633
-7238.619
-6180.335
-6206.607
-6112.097
-6117.361
-7475.866
-6140.47
-6089.692
-6137.04
-6100.913
-6185.198
-6202.944
-7107.111
-6098.956
-6147.018
-6205.66
-6170.392
-6120.013
-6106.469
-6757.204
-6291.066
-6514.718
-6194.648
-6202.547
-6097.096
-6157.146
-7323.978
-6092.879
-6143.373
-6100.275
-6985.897
-6212.444
-6175.63
-6213.221
-6151.858
-6193.575
-6578.942
-6138.839
-6099.905
-7125.795
-6088.259
-6176.331
-6599.011
-6287.372
-6133.66
-6176.12
-6084.637
-6107.291
-6169.339
-6093.885
-6142.948
-6092.433
-6192.384
-6097.907
-6135.532
-6096.157
-6132.64
-6111.677
-6106.515
-6190.939
-6249.817
-6106.412
-6335.237
-6230.12
-6102.689
-6142.137
-6138.338
-6189.155
-6520.531
-6162.302
-6083.183
-6523.932
-6212.002
-6166.084
-6154.477
-6151.586
-6207.798
-6158.194
-6334.017
-6112.386
-6206.265
-6136.304
-6096.922
-6163.3
-6084.887
-6214.589
-6084.099
-6143.663
-6133.965
-6133.201
-6958.053
-6159.56
-6190.706
-6180.874
-8314.27
-6157.712
-6233.532
-6200.159
-6088.95
-6081.62
-6114.832
-6219.055
-6102.291
-6166.761
-6287.899
-6092.258
-6132.565
-6193.176
-6086.55
-6091.785
-6091.301
-6792.28
-6186.995
-6079.927
-6228.936
-6084.54
-6096.356
-6314.87
-6120.347
-6917.592
-6162.3
-6087.703
-6115.749
-8151.148
-6098.647
-6098.07
-6193.31
-6100.008
-6172.838
-6187.687
-6258.643
-6192.096
-6093.485
-6085.637
-6114.831
-6089.803
-6082.083
-6612.594
-6178.05
-6085.072
-6200.621
-6082.724
-6167.953
-7370.959
-6218.156
-6144.134
-6111.919
-6158.438
-6123.578
-6155.157
-6193.562
-6159.644
-6146.404
-6086.648
-6128.841
-6089.333
-6217.07
-6110.287
-6172.405
-6152.412
-6316.918
-6094.827
-6097.131
-6170.697
-6108.701
-6123.888
-6158.683
-6153.734
-6088.564
-6907.249
-6083.355
-6145.95
-6143.775
-6090.771
-6134.12
-6102.774
-6103.704
-6095.269
-6084.684
-6129.878
-6096.814
-6220.268
-6174.389
-6090.359
-6307.246
-6081.239
-6086.181
-6225.383
-6463.315
-6095.221
-6092.095
-7403.11
-7650.36
-6145.886
-6171.445
-7350.742
-6099.84
-6204.392
-6085.29
-6459.766
-6125.37
-6141.102
-6137.04
-6184.496
-6169.377
-6099.075
-6110.52
-6107.829
-6093.915
-7530.384
-6086.281
-6140.921
-6130.234
-6113.032
-6194.824
-6118.899
-6118.536
-6136.983
-6201.096
-6108.015
-6100.077
-6193.85
-6131.694
-6313.95
-6183.131
-6192.424
-6247.93
-6239.279
-6087.489
-6309.102
-6108.068
-6398.567
-6120.011
-6193.893
-6187.515
-6790.341
-6096.229
-8302.989
-6149.775
-6082.382
-6133.267
-6164.157
-6110.925
-6093.05
-6133.598
-6080.217
-6184.235
-6354.531
-6158.391
-6192.459
-6216.45
-6191.247
-6186.698
-6335.101
-6855.204
-6190.795
-6702.971
-6154.04
-6111.368
-6126.514
-6211.986
-6201.088
-6088.146
-6195.922
-6104.662
-6213.615
-6176.749
-6144.734
-6110.282
-7340.153
-6165.625
-6129.7
-6852.825
-6168.666
-6166.426
-6205.211
-6196.887
-6096.977
-6308.868
-6104.178
-6078.959
-6219.52
-7823.474
-6197.998
-6224.615
-6784.757
-6127.174
-6082.751
-6094.004
-6835.916
-6079.686
-6099.46
-6118.75
-6195.177
-6664.612
-6080.071
-6178.541
-6113.043
-6164.984
-6094.883
-6170.675
-6255.448
-6154.416
-6118.856
-6147.213
-6142.827
-6575.389
-6087.317
-6168.602
-6190.635
-6078.287
-6212.613
-6087.234
-8237.761
-6244.955
-6090.654
-6116.159
-6149.65
-7424.892
-6181.799
-6194.063
-6133.677
-6131.175
-7674.749
-6085.939
-6202.262
-6183.045
-6093.571
-6193.665
-6474.695
-6173.819
-6085.832
-6142.902
-6121.803
-6084.042
-6604.684
-6132.862
-6986.665
-6083.748
-6183.398
-6350.963
-6200.675
-6109.221
-6433.967
-6296.031
-6147.196
-6119.382
-7957.027
-6118.244
-6115.386
-6151.846
-6096.934
-6078.73
-6710.509
-6263.996
-6083.579
-6131.6
-6195.882
-6481.983
-6207.03
-6087.4
-6098.547
-6084.256
-6210.941
-6871.312
-7325.373
-6174.81
-6207.687
-6092.848
-6093.147
-6150.376
-6355.913
-6737.023
-6245.956
-6241.146
-6304.518
-6105.145
-6266.67
-6939.195
-6091.729
-6107.247
-6191.014
-6187.069
-6273.31
-6129.845
-6386.731
-6265.6
-6218.399
-6126.068
-6814.221
-7577.845
-6084.326
-6588.529
-6101.551
-6191.109
-6086.583
-6396.575
-6484.754
-6197.618
-6173.661
-6140.961
-6145.533
-6118.182
-6411.828
-6124.948
-6218.43
-7322.154
-6426.559
-6219.587
-6235.868
-6098.099
-8182.935
-6096.027
-6324.644
-7752.724
-6169.924
-6123.763
-6323.631
-6211.438
-6088.073
-6095.233
-6229.417
-6094.299
-6590.12
-7638.378
-6094.397
-6132.022
-6086.992
-6202.256
-6362.816
-6509.879
-6141.228
-6219.1
-6108.534
-6283.08
-6149.793
-6223.161
-6202.372
-7882.115
-6334.748
-6102.794
-6122.999
-6190.996
-6169.269
-6081.903
-6195.903
-6130.143
-6124.553
-6095.091
-6083.585
-6251.669
-6266.745
-6288.051
-6203.708
-6313.057
-6233.794
-6145.59
-6450.465
-6523.484
-6186.665
-6093.007
-6095.003
-6206.662
-6093.084
-6446.354
-6154.067
-6078.734
-7309.584
-6154.145
-6098.801
-7536.208
-6079.726
-6215.497
-6092.988
-6267.74
-6478.137
-6332.092
-6086.925
-6132.57
-6089.086
-6196.574
-6316.03
-6560.542
-6247.454
-6205.541
-6706.399
-6155.09
-6105.85
-6169.058
-6091.684
-6097.014
-6312.478
-6323.655
-6097.739
-6171.982
-6229.81
-6182.604
-6908.794
-8706.346
-6153.672
-6144.618
-6110.634
-6127.317
-6703.266
-6103.518
-6110.13
-6147.881
-6909.709
-6100.347
-6083.156
-6639.949
-7770.889
-6144.448
-6440.134
-6394.711
-6216.469
-10099.29
-6117.807
-6392.26
-6910.676
-6184.422
-6091.328
-6214.804
-6095.093
-6255.254
-6144.052
-6113.158
-6174.459
-8948.983
-6597.045
-6701.585
-6341.472
-6215.15
-6240.74
-6085.114
-6316.049
-6103.729
-6111.24
-6175.286
-7826.973
-6136.774
-6159.565
-6106.153
-6311.693
-6102.591
-6124.775
-6482.558
-6081.215
-6196.629
-6738.295
-6248.666
-6309.82
-6133.083
-7915.8
-6371.465
-6228.989
-6199.791
-6112.225
-6333.909
-6114.827
-6440.493
-6150.544
-6668.126
-6096.608
-6227.027
-7511.55
-6098.989
-6202.306
-6683.225
-6233.184
-6088.827
-6196.96
-6194.541
-6136.333
-8353.141
-6113.506
-6304.39
-6227.585
-6081.35
-6147.789
-6385.957
-6239.262
-6523.712
-6097.048
-6130.957
-6881.988
-6143.549
-6182.479
-6130.069
-6205.983
-8503.727
-6475.887
-6109.49
-6371.368
-6086.908
-6936.861
-6172.258
-6204.371
-6231.336
-6164.059
-6665.711
-6652.41
-6090.344
-7154.289
-6128.801
-6212.793
-6115.278
-7455.372
-6182.753
-6083.955
-6145.468
-6153.862
-7041.786
-6103.305
-6113.151
-6151.57
-6761.987
-6179.492
-6126.155
-6193.562
-6174.695
-6107.243
-7591.548
-7830.167
-6085.355
-6100.378
-6097.598
-6791.109
-6936.923
-6308.322
-6239.213
-6240.911
-6235.755
-6123.942
-6187.337
-6216.276
-6239.747
-6667.762
-6215.216
-6463.449
-6081.718
-6225.792
-7469.419
-6164.941
-7967.966
-6104.574
-6148.166
-6197.697
-6197.27
-6204.464
-6123.484
-6679.427
-6134.712
-6340.761
-7628.754
-6173.034
-6373.618
-6172.704
-6077.262
-6160.039
-6197.696
-6170.126
-6299.988
-6116.477
-6164.775
-6231.536
-6128.72
-6100.517
-6083.654
-6691.512
-6586.324
-6098.668
-6232.93
-6158.954
-6461.772
-6303.872
-6852.79
-6677.75
-6307.225
-6261.625
-6237.264
-6238.214
-6236.03
-6530.434
-6084.723
-6222.037
-6096.522
-6101.491
-6114.11
-6171.371
-6111.349
-6166.417
-6176.757
-6143.643
-6144.218
-6969.395
-6085.229
-6244.861
-6154.616
-6184.663
-6092.34
-6118.387
-6085.847
-6140.029
-6151.054
-6245.49
-6165.565
-6156.726
-6221.644
-6083.688
-6135.848
-6166.861
-6083.934
-6086.062
-6178.456
-6244.355
-6096.047
-7263.752
-6110.626
-6301.5
-6239.204
-6086.728
-6162.518
-6274.902
-6135.833
-6085.899
-6104.949
-6175.936
-6167.086
-6252.054
-6186.663
-6130.622
-6084.677
-6185.387
-6077.898
-6216.185
-6105.083
-6128.534
-6095.382
-6199.254
-6487.946
-6581.685
-6139.529
-6098.569
-6131.125
-6140.005
-7433.145
-6120.707
-6322.435
-6153.303
-6144.387
-6155.565
-6908.709
-6152.31
-6300.418
-6112.286
-6178.71
-6167.342
-6089.963
-6107.543
-6190.6
-6134.633
-6173.224
-6210.776
-6096.446
-6169.026
-6078.472
-6250.615
-6131.875
-8347.87
-6085.34
-6710.898
-7486.273
-6189.857
-6164.449
-6201.836
-6109.154
-6173.856
-6191.126
-6235.382
-6083.984
-6108.389
-6201.618
-6206.5
-6271.023
-6199.882
-6143.01
-6149.445
-6143.294
-6193.834
-6097.927
-6173.592
-6288.241
-6123.389
-6080.524
-6724.225
-6234.84
-6242.101
-6154.083
-6205.571
-6098.971
-6098.893
-6137.805
-6116.539
-6081.526
-6230.008
-6092.136
-6110.814
-6107.08
-6087.029
-6195.26
-6103.002
-6088.61
-6128.833
-6187.076
-7347.739
-6169.024
-6170.806
-6165.209
-6130.464
-6524.525
-6150.944
-6195.077
-7481.509
-6537.665
-6897.317
-6224.969
-6187.83
-6125.164
-6247.232
-6162.687
-6116.297
-6267.041
-6713.11
-6204.246
-6350.718
-6085.355
-6103.315
-6207.562
-6080.431
-6100.892
-6883.073
-6101.821
-6083.025
-6269.446
-7720.503
-6237.265
-6553.02
-7128.053
-6086.6
-6169.967
-6179.142
-6230.707
-6231.508
-6132.551
-6246.884
-6236.76
-6187.847
-6105.464
-6137.481
-6077.159
-6115.482
-6104.659
-6145.828
-6122.531
-6087.293
-7157.984
-6141.31
-6120.871
-6186.167
-6114.665
-6091.359
-6193.494
-6102.988
-6131.043
-6084.898
-6098.64
-6130.892
-6090.89
-6925.043
-6253.948
-6206.006
-6100.457
-6155.055
-6099.712
-6151.737
-6081.585
-6164.961
-6144.423
-6088.083
-6479.527
-6172.015
-7199.941
-6896.878
-6170.741
-6113.569
-6234.024
-6390.225
-6785.614
-6199.88
-6198.293
-6078.883
-6137.503
-8181.882
-6085.23
-6154.273
-6190.655
-6583.466
-7906.629
-6100.557
-6260.776
-6225.837
-6324.11
-6186.952
-6198.98
-6189.059
-6173.219
-6121.811
-6135.346
-6412.449
-6410.428
-6193.333
-6254.198
-6257.418
-6109.682
-6144.909
-6121.318
-6143.87
-6086.481
-6329.944
-6172.167
-6174.775
-6102.729
-6185.092
-6149.766
-6107.804
-6230.933
-6202.679
-6134.516
-6174.401
-6175.27
-6212.775
-6112.534
-6162.472
-6137.793
-6100.928
-6428.033
-6108.213
-6081.74
-6236.002
-6136.226
-6238.646
-6745.646
-6332.923
-6115.393
-6143.202
-6091.445
-6593.637
-6192.029
-6475.068
-6277.026
-6081.447
-6426.599
-6244.317
-6655.746
-6091.048
-6091.933
-6258.462
-6108.585
-6197.058
-6284.012
-6157.89
-6088.263
-6116.519
-6106.453
-6110.785
-6081.068
-6154.06
-6137.393
-6133.815
-6207.879
-8152.161
-6211.864
-6087.301
-6679.315
-6299.678
-6117.985
-6179.7
-7271.759
-6160.788
-8702.126
-6120.273
-6248.643
-6452.61
-6206.138
-8066.31
-6115.408
-6131.118
-6093.868
-6142.813
-6095.185
-6664.863
-6214
-6116.387
-6109.635
-6720.186
-6202.699
-6088.487
-6123.751
-6107.548
-6127.635
-6094.928
-7066.191
-6608.18
-6180.408
-6130.682
-6127.822
-6225.541
-6156.169
-6096.423
-7128.19
-6115.652
-6117.423
-6209.284
-6197.345
-6091.831
-6126.384
-6163.79
-6206.817
-6106.769
-6203.839
-6749.972
-6153.116
-6106.767
-6176.96
-6087.248
-6189.469
-6089.378
-6157.151
-6203.224
-6090.95
-7083.379
-6162.101
-6178.471
-6248.963
-6206.292
-6099.908
-6103.032
-7361.25
-6202.737
-6284.992
-6150.165
-6258.712
-6212.852
-6128.039
-7515.27
-6399.163
-6159.885
-6088.212
-6226.879
-6084.785
-6103.838
-6102.559
-7286.986
-6387.125
-6979.642
-6102.499
-6189.041
-6123.956
-6170.639
-6198.455
-6153.743
-6189.755
-6713.546
-6228.161
-6088.817
-7764.945
-6096.616
-6108.543
-6085.378
-6137.413
-6492.096
-6538.316
-6210.023
-6092.852
-6225.242
-6177.86
-6189.031
-6090.974
-6166.197
-6159.581
-6227.16
-6235.015
-6178.93
-6277.302
-6099.118
-6157.945
-6307.013
-8905.208
-6188.025
-6231.997
-6187.758
-6181.235
-6538.834
-6128.486
-6135.549
-6078.732
-6429.739
-6123.701
-6114.795
-6097.022
-6103.025
-6150.258
-6346.72
-6206.803
-6095.947
-6102.313
-6241.756
-6445.601
-6101.052
-6090.279
-6222.667
-6164.343
-6205.982
-6214.203
-6171.708
-6099.768
-6259.147
-6394.361
-6106.73
-6209.716
-6578.104
-6159.931
-6260.755
-6092.536
-6082.6
-6111.103
-6341.952
-6942.937
-6099.045
-6090.361
-6145.757
-6139.005
-6238.079
-6081.79
-6177.644
-9276.456
-6086.26
-6207.37
-6177.321
-6137.455
-6288.685
-6110.823
-6198.16
-6373.578
-6087.582
-6095.25
-6196.355
-6142.076
-6954.635
-6208.61
-6308.535
-7916.286
-6507.804
-6149.344
-6226.723
-6111.45
-6199.061
-6183.05
-7251.852
-6154.884
-6123.097
-6331.291
-6175.876
-6125.77
-6076.326
-6418.098
-6086.97
-6206.973
-6304.566
-6103.664
-6225.42
-6127.226
-6100.669
-6991.639
-6123.564
-6108.263
-6103.54
-6515.921
-6123.9
-6087.838
-6152.432
-6158.885
-6122.991
-6579.342
-6145.146
-7087.067
-6179.773
-6172.763
-6101.419
-6112.789
-6185.937
-6125.112
-6626.68
-6225.008
-6112.561
-6248.823
-6178.4
-6336.204
-7291.618
-6121.13
-6149.15
-7002.461
-6111.453
-6083.467
-6123.592
-6102.927
-6286.454
-6227.483
-6150.756
-6206.378
-6094.494
-6104.977
-6132.635
-11663.1
-6317.553
-6098.375
-6145.358
-6147.17
-6117.906
-6078.976
-6108.243
-6746.104
-6078.893
-6078.778
-6083.09
-6099.909
-6134.135
-6209.933
-6121.789
-6189.832
-6104.515
-6106.15
-6140.933
-6137.231
-6132.294
-6147.618
-6170.956
-6128.252
-6231.639
-8334.506
-6193.411
-6838.185
-6088.925
-6087.517
-6099.275
-6273.138
-6206.325
-6114.358
-6120.929
-6688.291
-6230.142
-6215.304
-6171.885
-6148.3
-7278.787
-6089.547
-6105.687
-12270.09
-6268.358
-6188.028
-7674.645
-6097.957
-6184.341
-6079.2
-6092.171
-6492.279
-6080.155
-6132.834
-6105.879
-7079.079
-6094.746
-6167.013
-6177.067
-6522.365
-6205.153
-6147.463
-6133.479
-6095.304
-6238.609
-6544.39
-6086.204
-6114.627
-6098.172
-6183.161
-6328.273
-6163.392
-7335.702
-7553.547
-6106.4
-6141.531
-6095.227
-6148.104
-7651.021
-6099.418
-6826.401
-6097.675
-6309.35
-6380.081
-6193.748
-6096.023
-6140.35
-6139.457
-6122.963
-6143.908
-6115.377
-7150.12
-6178.377
-6292.888
-6097.73
-6141.143
-6216.089
-6097.652
-6146.06
-6553.204
-6597.172
-6188.187
-6147.577
-6177.128
-6080.434
-6478
-6210.643
-6084.845
-6178.558
-6541.848
-6098.687
-6154.477
-6977.293
-6858.754
-6122.32
-6147.7
-6194.258
-6493.861
-6130.487
-6434.178
-6225.4
-6102.368
-6105.598
-6164.563
-6168.578
-6113.099
-6333.608
-6124.636
-6101.797
-6204.041
-6100.546
-6092.139
-6093.146
-6185.822
-6208.158
-6155.56
-6248.082
-6729.633
-6106.574
-6131.42
-6098.464
-6396.58
-6081.781
-6224.767
-6232.78
-6089.711
-6092.405
-6247.315
-6267.844
-6108.391
-6602.732
-6169.856
-6719.59
-8212
-6091.386
-6211.024
-6079.207
-6273.627
-6192.994
-6721.112
-6298.84
-6205.209
-6210.627
-6171.053
-8852.139
-6587.214
-7390.301
-7497.221
-6118.215
-6089.155
-6873.143
-6104.816
-6120.583
-6341.744
-6095.454
-6111.714
-6234.075
-6226.631
-8371.826
-6117.703
-6186.34
-6578.535
-6439.476
-6376.31
-6213.177
-6186.557
-7131.814
-6390.502
-6238.735
-6291.899
-6589.514
-6159.172
-6100.054
-6145.071
-6106.706
-6088.432
-6109.056
-6118.394
-6254.001
-6088.633
-6202.534
-6127.785
-7867.274
-6393.734
-6126.063
-6086.215
-7077.203
-6185.321
-7463.733
-6230.733
-6161.878
-6095.433
-6090.058
-6185.834
-6348.118
-6175.65
-6131.61
-6309.317
-6159.885
-6116.5
-6238.864
-6225.507
-6217.613
-6222.52
-6101.778
-8439.044
-6157.56
-6444.832
-6233.209
-6236.889
-6174.596
-6410.892
-6603.371
-6307.088
-6222.077
-6355.746
-6402.882
-6176.07
-6150.747
-6090.081
-6113.25
-6138.245
-6234.649
-6162.102
-6093.383
-6109.773
-7289.543
-6157.65
-6596.562
-6711.814
-6194.887
-7070.323
-7062.845
-6100.077
-6173.873
-6078.452
-6103.113
-6131.601
-6195.962
-6236.45
-7114.468
-6087.412
-6123.316
-6095.435
-6898.741
-6767.584
-6150.935
-6245.991
-6127.251
-6282.761
-6089.457
-7558.941
-7988.974
-6190.956
-6161.265
-6105.688
-6166.083
-6223.05
-6187.899
-6211.286
-6132.78
-6172.31
-6108.524
-6130.828
-6344.854
-6182.931
-6143.659
-6140.653
-7028.339
-6124.171
-6731.274
-6108.256
-6096.941
-8024.854
-6298.424
-6239.436
-6266.422
-6160.081
-6173.713
-6176.52
-9364.474
-6144.289
-6232.056
-6209.712
-6220.665
-6632.425
-6214.658
-6079.845
-6106.793
-6178.515
-7459.435
-6329.873
-6110.139
-6098.288
-6203.676
-6156.488
-6193.566
-6096.112
-6334.841
-6084.247
-6430.251
-6089.803
-6147.878
-6084.541
-6096.841
-6110.159
-6157.96
-6682.708
-6385.115
-6254.059
-6083.958
-6200.334
-6145.656
-7725.118
-6139.668
-6184.713
-6115.635
-6170.22
-6159.329
-6094.371
-6086.91
-6103.745
-6180.106
-8712.902
-6180.15
-6242.425
-6118.479
-6119.761
-6096.246
-6736.873
-6240.55
-6140.921
-6411.026
-6148.299
-6238.025
-7032.879
-6178.748
-6086.026
-6299.601
-6106.556
-6080.535
-6918.888
-6090.798
-6216.545
-6158.002
-6185.781
-6111.587
-6081.792
-6255.235
-6197.314
-6190.676
-6251.485
-6136.65
-6143.979
-6095.284
-6428.242
-6158.695
-6105.06
-6082.522
-6111.41
-6127.449
-6135.473
-6111.942
-6096.47
-6465.511
-6086.79
-6098.808
-6246.196
-6676.484
-9969.124
-6100.721
-8301.501
-6189.233
-6579.931
-6226.56
-6141.713
-6189.091
-6130.399
-8733.721
-7536.313
-6149.485
-6087.921
-6120.735
-6090.654
-6080.824
-6157.628
-6109.821
-6089.034
-6389.18
-6223.243
-6111.287
-6095.869
-6277.831
-6202.257
-6093.567
-6161.234
-6558.061
-6215.432
-6408.771
-6112.063
-6205.687
-6255.577
-6107.766
-6108.422
-6845.542
-7365.248
-6637.24
-6218.549
-6142.856
-6137.18
-6223.796
-6705.011
-6921.701
-6139.313
-6116.724
-6215.685
-6105.196
-6183.768
-6115.229
-7076.3
-6296.907
-6117.772
-6083.753
-6217.916
-6116.49
-6108.667
-6088.782
-6095.788
-6107.401
-6570.185
-6168.941
-6221.638
-6242.197
-6158.482
-6218.322
-6390.257
-6085.901
-6093.854
-7014.533
-6127.588
-6115.496
-6113.372
-6236.025
-6186.062
-6194.617
-7199.33
-6198.848
-6184.912
-6582.407
-7945.914
-6269.844
-7165.257
-6264.764
-7123.884
-6109.904
-6152.116
-6108.806
-6155.123
-6079.932
-6183.17
-6310.571
-6675.141
-6251.18
-6091.068
-6155.025
-6077.71
-6241.623
-6089.223
-6085.037
-6134.929
-6102.224
-6102.382
-7759.466
-8444.75
-6104.41
-6264.097
-6105.557
-6107.227
-6114.438
-6083.78
-6186.092
-6231.269
-6159.967
-6112.507
-7030.398
-6181.731
-6205.947
-6082.415
-6158.467
-7388.231
-6294.771
-6196.387
-6974.638
-6127.081
-6404.839
-6202.825
-6094.542
-6086.861
-6358.989
-6181.887
-6317.899
-6101.901
-6088.538
-6194.932
-6241.454
-6181.444
-6134.576
-6134.228
-6093.843
-6615.31
-6156.709
-6218.237
-6140.242
-6082.739
-6131.526
-6176.245
-6284
-6245.409
-7466.943
-6091.907
-6247.156
-6093.013
-6223.283
-6123.986
-6141.42
-6154.688
-6093.207
-6080.147
-6766.348
-7186.653
-6250.505
-6161.873
-6083.182
-6144.426
-6117.741
-6811.339
-6537.015
-6187.563
-6126.337
-6173.523
-6109.062
-6235.931
-6109.69
-6147.475
-6084.199
-6746.952
-6162.667
-6224.539
-6092.589
-7027.504
-6114.551
-6097.702
-6584.115
-6530.882
-7096.884
-6090.039
-6175.203
-6155.747
-6163.158
-6152.298
-6180.441
-6200.717
-6282.705
-6240.738
-6136.063
-6162.295
-6085.904
-6087.994
-6090.722
-6314.145
-6353.175
-6087.878
-6098.304
-6159.048
-7288.878
-6085.953
-6124.021
-6213.312
-6191.749
-6084.234
-6193.721
-6111.646
-6214.798
-6630.777
-6544.287
-6191.62
-6730.17
-6143.179
-6497.026
-6150.241
-6083.979
-6424.559
-7205.474
-6102.882
-6127.242
-6139.493
-6204.574
-6749.447
-6233.345
-6158.719
-6164.881
-6110.516
-6223.659
-6089.212
-6296.363
-6090.909
-6324.966
-6092.931
-6182.948
-6176.596
-6318.936
-6085.323
-6110.149
-6589.372
-6175.023
-6084.509
-7400.745
-6160.194
-6120.827
-6111.595
-7189.592
-6186.815
-6128.853
-6114.752
-6251.88
-6482.641
-6180.806
-6228.2
-6096.183
-6146.437
-6218.98
-6185.456
-6252.757
-6957.778
-6102.628
-6233.711
-6092.409
-6122.535
-6171.191
-6242.003
-6778.348
-6546.226
-6150.793
-6253.354
-6245.763
-6111.85
-6252.643
-6080.508
-6173.218
-6113.821
-6152.606
-6079.12
-6151.21
-6259.505
-6102.193
-6076.624
-6267.586
-6417.377
-6102.67
-6138.467
-6573.079
-8600.47
-6167.517
-6280.629
-6365.575
-6254.91
-6107.502
-6205.132
-6656.568
-6091.427
-7009.763
-6087.272
-6149.596
-6438.319
-6170.412
-6127.095
-6151.586
-6123.456
-6174.654
-6094.251
-6251.291
-6145.079
-6088
-6190.853
-6177.103
-6118.873
-6088.194
-6287.02
-6087.187
-6258.213
-6086.542
-6390.1
-6107.396
-6115.135
-6091.88
-6212.361
-6273.291
-6146.613
-6831.029
-6215.592
-6584.915
-6185.755
-6087.322
-6419.175
-6105.323
-6082.84
-6185.578
-6194.363
-8038.276
-6111.72
-6097.7
-6122.681
-6234.731
-6126.016
-6571.174
-7910.249
-11130.91
-6167.842
-6087.939
-6218.288
-7085.254
-6103.481
-6347.679
-6745.365
-6290.536
-6108.949
-6144.651
-6185.425
-6148.531
-6285.159
-6148
-6381.124
-6159.381
-6218.861
-6096.889
-6084.572
-6133.36
-6194.392
-6126.377
-6278.945
-6971.3
-6180.279
-6151.402
-6826.639
-6143.984
-7030.754
-6196.628
-6091.29
-6428.124
-6325.975
-6205.439
-6393.828
-6144.588
-6183.87
-6141.191
-6104.86
-6083.24
-7159.512
-6745.877
-6213.731
-8534.99
-6230.52
-6242.061
-7302.043
-6184.047
-6630.963
-6147.843
-6082.381
-7993.395
-6112.291
-7540.365
-6086.766
-6114.903
-6849.803
-6099.51
-6110.837
-6479.179
-6269.587
-7317.075
-6211.953
-6216.054
-6187.593
-6097.27
-6247.748
-6162.292
-6089.444
-7830.797
-6723.606
-6095.878
-7509.453
-6167.196
-6097.589
-6092.691
-6083.241
-6185.061
-6694.982
-6287.448
-6082.494
-6509.223
-6211.003
-6148.857
-6106.235
-6088.674
-6093.748
-6079.576
-6156.495
-6086.53
-6270.143
-6093.324
-6222.189
-6160.65
-6086.734
-6119.469
-6088.734
-6251.595
-6244.997
-6113.376
-6119.854
-6142.11
-6211.261
-6539
-6091.502
-6577.577
-6082.068
-6091.732
-6080.922
-6218.148
-6284.44
-6147.222
-6211.643
-6503.422
-6147.125
-6158.64
-6182.76
-10857.41
-6306.234
-6202.806
-6184.587
-6245.642
-6248.247
-6148.453
-6166.275
-6083.282
-6093.511
-6093.868
-6148.524
-6684.284
-6082.024
-6620.491
-7269.998
-6103.961
-6091.166
-6151.744
-6209.453
-6107.907
-6143.943
-6215.85
-6147.539
-6086.586
-6148.774
-6148.766
-6312.338
-6086.081
-6129.473
-6082.892
-6197.639
-6110.007
-6088.016
-6111.648
-6251.098
-6109.125
-6161.724
-6186.311
-6109.94
-6123.193
-6133.77
-6218.585
-6086.495
-6129.218
-6609.524
-6166.016
-6229.711
-6916.858
-6163.964
-6155.771
-7628.864
-6091.097
-6106.696
-6957.255
-6101.744
-6193.261
-6183.012
-6209.228
-6348.973
-6132.756
-6133.188
-6263.765
-6257.791
-6151.249
-6161.089
-7970.041
-6087.862
-7125.338
-7217.799
-6346.458
-6093.508
-6105.914
-6466.114
-6182.675
-6150.576
-7580.045
-6236.674
-8439.88
-6955.004
-7380.963
-6124.931
-6105.556
-6116.454
-6160.844
-6429.142
-6106.658
-6170.914
-6136.149
-6111.825
-6202.033
-6092.782
-6309.847
-6087.285
-6171.576
-7725.556
-6086.594
-6389.041
-6087.777
-6163.508
-6806.635
-6085.887
-6175.701
-7064.988
-6469.349
-6159.849
-6214.68
-6632.16
-6330.436
-6101.237
-6095.832
-6675.749
-6104.509
-6919.515
-6225.364
-6110.217
-6108.878
-7563.794
-6100.508
-6115.067
-6145.248
-6216.718
-6119.64
-6186.332
-7565.419
-6136.661
-6594.816
-8245.152
-6160.136
-6807.999
-6204.052
-6132.792
-6100.677
-8680.231
-6093.147
-6093.011
-6091.886
-6214.749
-6166.319
-6205.297
-7088.238
-6174.158
-6220.593
-6803.13
-6151.051
-6114.489
-6171.655
-6115.218
-6642.281
-6082.746
-6098.109
-6229.218
-6191.262
-6095.693
-6175.355
-6284.299
-6144.217
-6706.822
-6207.608
-7050.1
-6621.472
-6095.688
-6250.198
-6126.139
-6150.179
-6202.377
-6276.645
-6355.783
-6096.882
-6421.671
-6128.626
-6240.482
-6113.211
-6156.843
-6206.227
-6472.914
-6210.88
-6085.472
-6123.014
-6091.008
-6109.475
-7226.424
-6307.044
-7180.861
-6577.173
-6098.244
-7033.509
-6202.912
-6311.42
-7390.548
-6264.311
-6544.182
-6198.418
-6145.619
-6333.956
-6217.893
-6085.909
-6336.726
-6164.413
-6408.395
-6175.063
-6234.852
-6227.359
-6184.851
-6685.224
-6088.36
-6088.506
-6187.312
-6454.832
-6148.235
-6123.243
-6080.472
-6100.485
-6081.526
-6119.303
-7443.527
-6150.806
-6378.289
-6084.898
-6154.317
-7421.775
-6439.057
-6143.788
-6108.401
-6250.427
-6120.523
-7355.963
-6750.231
-6131.428
-6094.75
-6139.03
-6250.59
-6115.273
-6192.51
-6117.569
-7915.374
-6082.376
-6329.499
-6188.008
-6084.274
-7580.228
-6210.189
-6157.503
-6372.453
-6820.505
-6183.459
-6088.311
-6179.739
-6253.317
-6095.323
-6152.733
-6325.114
-6106.954
-6179.462
-6081.922
-7755.164
-6208.228
-6177.278
-6130.504
-6147.036
-6920.752
-7553.172
-6241.864
-6180.879
-6211.037
-6125.85
-6164.866
-6247.941
-6168.743
-6136.077
-6686.924
-6306.533
-6324.439
-6176.068
-6221.998
-6080.311
-6152.645
-6247.67
-6214.4
-6133.883
-6150.51
-6095.321
-6154.989
-6303.058
-6344.427
-6087.859
-7294.994
-6174.445
-6084.297
-6093.994
-6140.421
-6140.626
-6108.523
-8231.846
-6141.138
-6178.557
-6641.611
-6094.785
-6114.422
-6119.724
-6095.09
-7435.741
-6086.352
-6209.15
-6140.503
-6078.117
-6166.36
-6100.102
-6567.611
-6097.653
-7755.791
-6589.6
-6206.644
-6084.029
-6085.899
-6502.557
-6239.515
-6659.935
-6132.38
-6929.865
-6568.415
-6180.476
-6521.901
-6136.812
-6127.679
-6114.251
-7045.186
-6165.422
-6092.554
-6189.756
-6090.043
-6150.224
-6102.458
-6158.654
-6119.14
-6199.962
-6186.587
-6380.805
-6199.944
-6237.964
-6468.881
-6082.677
-6466.089
-6098.254
-6080.779
-6224.092
-6728.613
-6095.52
-6149.657
-6106.606
-6144.337
-6134.496
-6200.626
-8055.956
-7768.976
-6255.25
-6212.423
-6183.702
-6172.207
-7233.023
-6172.847
-6429.757
-6091.706
-6540.838
-6212.756
-7482.018
-6112.855
-6218.883
-6090.182
-6297.594
-6096.447
-6177.8
-6172.906
-6965.441
-6114.023
-6296.769
-6101.07
-6096.299
-8291.133
-6155.563
-8071.637
-6128.461
-6082.246
-6165.015
-6149.726
-6187.164
-6312.455
-6178.4
-6651.215
-6191.457
-6715.207
-6189.097
-6100.227
-7021.584
-6124.632
-6254.433
-6196.707
-6142.222
-6095.51
-6390.008
-6175.592
-6588.942
-6870.793
-6129.167
-6160.382
-6324.902
-6266.041
-6211.205
-7495.079
-6176.576
-6084.588
-6238.652
-6324.924
-6185.724
-6147.558
-6104.112
-6121.61
-7183.361
-6087.517
-6390.151
-6089.044
-7126.13
-6276.944
-6225.633
-6461.585
-6108.649
-6096.984
-6254.199
-6577.15
-6646.404
-6169.654
-6172.784
-6105.118
-6772.318
-6111.977
-6505.305
-6099.721
-6143.865
-7146.575
-6085.85
-6120.536
-6114.632
-6092.184
-6177.785
-6171.527
-6238.337
-6111.012
-6149.288
-6404.416
-6101.029
-6117.956
-7160.873
-6098.164
-6540.123
-6844.67
-6160.881
-6102.402
-6126.339
-6097.681
-6453.469
-6148.72
-6126.015
-6649.467
-6086.094
-6348.588
-6102.152
-6143.502
-6105.161
-6098.304
-6124.096
-6089.636
-6150.888
-7162.509
-6126.163
-6125.652
-6797.717
-6178.093
-6085.574
-6191.408
-6524.776
-6122.386
-6209.329
-6147.21
-6127.287
-6260.902
-6287.931
-6148.483
-6178.965
-6161.941
-6108.711
-6144.032
-6527.576
-6099.096
-6167.941
-6202.849
-6145.65
-7798.556
-6134.723
-6367.363
-8290.042
-6222.184
-6095.532
-6178.89
-6208.655
-6137.341
-6194.355
-6141.6
-6094.306
-6092.588
-6369.919
-6122.444
-6095.032
-6103.758
-6177.483
-6176.03
-7377.083
-6145.197
-6097.703
-6186.037
-6182.571
-7899.122
-6171.084
-6102.52
-6203.791
-9101.42
-6175.064
-6182.553
-6157.705
-6092.76
-7065.653
-6110.846
-6332.675
-6126.361
-6278.276
-6099.784
-6161.596
-6128.293
-6114.896
-6090.862
-6132.161
-6087.631
-6203.853
-6119.4
-6819.18
-6248.724
-6213.584
-6719.123
-6510.301
-7559.755
-6113.778
-6105.319
-6104.092
-6101.581
-6116.288
-6123.881
-6222.487
-6098.945
-6090.621
-7542.655
-6095.144
-6229.319
-6273.584
-6192.69
-6084.86
-6179.963
-6141.175
-6484.777
-6324.328
-6095.007
-6084.917
-8987.269
-6866.894
-6187.119
-6267.947
-6316.493
